PARSFILE
#FullDataName Road: Animator Repeated Object`Trees for Scenic Mountain`Trees
#RingCtrl0 1
#RingCtrl1 0
#DiagramOne0
*POINTS_TABLE
1328.917, 20.164
2307.81, 20.448
1143.962, 19.714
2643.47, 17.698
1491.828, 27.511
-42.627, 21.037
578.877, 30.186
1361.965, 16.344
211.582, 33.595
2822.752, 18.194
166.041, 32.465
12.445, 24.357
1684.894, 18.681
2167.805, 22.257
1964.714, 23.721
2121.057, 25.886
1393.082, 24.873
-40.495, 32.252
1476.29, 24.6
815.477, 33.94
1553.254, 19.798
1274.822, 26.11
2083.688, 31.392
93.707, 34.141
1092.545, 19.531
326.269, 32.836
237.851, 19.866
2784.021, 22.256
118.603, 20.596
1533.067, 32.356
634.962, 31.22
2095.804, 17.266
2349.531, 23.692
1499.166, 30.507
103.5, 29.264
2097.494, 32.037
1456.34, 18.62
2421.6, 33.771
2295.135, 25.097
940.763, 27.146
2669.624, 15.605
494.013, 25.895
452.405, 22.066
1852.791, 30.402
798.746, 34.398
2843.431, 19.635
402.338, 25.056
2707.712, 27.012
-9.777, 15.381
62.236, 31.217
1948.009, 20.916
-4.459, 30.952
1525.776, 25.054
2882.374, 29.142
445.91, 26.231
-20.479, 23.554
1270.713, 15.003
2040.147, 18.849
2587.799, 18.781
1221.087, 32.101
1185.167, 23.376
2885.028, 19.721
54.261, 19.706
1863.305, 18.396
762.464, 16.892
1425.762, 33.29
1277.203, 30.579
2281.486, 32.372
2425.702, 25.259
1689.317, 31.407
1865.944, 25.538
570.394, 18.785
2182.959, 26.188
2176.776, 16.718
1224.998, 30.31
102.471, 19.466
560.895, 19.54
242.377, 29.528
2554.102, 22.909
2125.712, 16.147
614.825, 16.92
785.943, 30.459
880.691, 25.211
1529.385, 29.523
1417.258, 21.313
3.948, 21.473
1044.5, 19.915
2600.448, 18.368
1250.813, 26.242
2412.389, 32.454
2531.756, 23.654
1176.729, 23.295
179.661, 23.491
1716.983, 23.221
661.343, 20.208
2379.964, 15.84
2565.255, 29.071
1663.984, 25.322
1191.485, 28.608
1967.928, 33.525
2301.092, 21.039
1280.112, 20.095
951.694, 24.012
2142.998, 20.516
2760.785, 28.679
1785.46, 25.831
635.55, 31.372
2523.602, 34.102
268.722, 20.906
316.467, 33.2
1341.949, 29.259
187.707, 24.02
1687.148, 24.765
233.599, 19.218
1676.825, 29.121
2529.053, 22.16
155.26, 21.42
1269.048, 33.39
857.523, 18.688
2913.155, 28.386
1058.817, 30.098
1310.113, 28.237
1316.347, 26.952
1591.202, 22.109
67.718, 15.706
382.491, 29.468
-2.988, 17.805
1167.16, 32.525
2411.877, 22.407
2000.947, 26.061
221.258, 23.316
137.979, 16.543
2781.536, 26.125
2583.966, 34.636
1365.504, 32.982
434.676, 31.961
2574.871, 20.228
1555.324, 20.772
136.326, 25.918
2399.56, 18.093
638.231, 22.519
1206.653, 33.88
2287.734, 31.629
1359.296, 28.623
194.927, 15.166
721.615, 20.65
2915.039, 34.421
2234.091, 17.25
200.157, 25.693
2833.246, 28.166
2754.225, 26.913
507.713, 26.444
134.635, 31.005
3.379, 17.576
455.808, 19.846
1806.186, 20.391
305.369, 28.485
2551.206, 25.781
681.899, 25.339
2509.291, 15.87
2117.926, 17.376
1941.414, 34.902
1916.691, 16.595
2923.52, 31.465
2780.966, 15.631
445.075, 17.931
-35.185, 24.345
2418.735, 17.894
2669.993, 19.456
1390.889, 33.494
1488.888, 31.038
1694.938, 27.475
2767.779, 24.174
769.548, 15.228
1572.273, 32.331
2305.511, 28.371
605.179, 18.74
2399.877, 26.077
554.146, 16.895
2667.603, 31.558
1131.032, 19.766
2568.161, 28.28
2899.449, 16.238
2568.117, 24.661
263.701, 27.856
1293.324, 23.21
1910.883, 23.759
1500.64, 19.858
1447.055, 31.724
1327.072, 19.885
2925.799, 17.506
1015.833, 20.103
2086.051, 20.932
2267.6, 22.643
1836.258, 18.174
2715.337, 20.829
1441.031, 27.185
2640.362, 24.298
734.89, 28.03
2529.098, 29.105
2258.885, 25.9
1945.968, 22.509
672.041, 29.086
-6.857, 29.482
671.035, 21.84
455.237, 34.957
-2.102, 28.685
1515.411, 28.666
2521.427, 19.887
68.551, 17.14
1681.524, 25.526
2110.86, 25.092
2746.009, 28.545
340.879, 23.503
25.564, 17.813
687.439, 24.782
650.452, 30.371
1257.527, 34.75
1472.727, 33.052
936.114, 20.462
1034.458, 24.087
2357.647, 28.49
2034.131, 30.961
2658.173, 29.462
1463.218, 28.445
1263.708, 31.296
758.731, 31.674
479.917, 29.767
2076.556, 25.18
1090.397, 30.446
141.658, 20.192
278.988, 34.018
2845.377, 34.707
2257.079, 27.855
32.414, 23.45
1709.312, 22.591
2538.104, 29.521
1116.829, 23.831
64.864, 30.968
1642.047, 23.962
1543.864, 17.235
1219.601, 16.035
1160.099, 17.143
1030.302, 31.964
1344.039, 15.811
2483.539, 33.774
295.988, 18.944
1870.965, 26.313
-6.871, 17.122
855.923, 26.195
1402.064, -69.762
1708.767, -80.893
246.71, -53.657
1529.28, -130.236
1665.79, -65.003
457.087, -52.386
1142.376, -110.871
353.441, -48.248
1667.046, -43.526
1329.378, -119.113
534.05, -70.119
1005.043, -105.975
1001.174, -28.154
856.343, -46.501
875.149, -76.179
72.468, -20.349
233.904, -18.047
698.446, -54.581
1175.402, -44.849
82.191, -21.329
1370.352, -77.07
866.267, -78.461
1759.044, -61.184
1230.411, -44.693
1758.332, -132.712
-14.085, -23.225
113.947, -17.546
281.424, -25.237
101.73, -33.988
779.543, -32.945
1037.763, -98.794
1226.051, -83.486
1147.768, -113.435
566.243, -70.012
1584.681, -120.753
1342.83, -102.723
987.123, -17.619
1478.902, -59.482
368.467, -39.145
977.718, -56.999
516.438, -44.469
1260.189, -62.51
466.293, -68.186
618.604, -56.114
1108.534, -90.577
1638.75, -92.713
1571.689, -122.508
-24.462, -17.925
1617.339, -18.429
574.424, -60.936
425.995, -47.171
1097.403, -92.546
218.617, -44.937
102.161, -44.95
655.361, -33.218
1513.271, -121.381
406.203, -32.052
1553.09, -42.01
18.027, -46.603
1483.259, -124.381
1035.236, -48.433
1197.269, -102.889
-45.326, -15.104
1526.713, -38.448
1510.12, -22.298
748.034, -45.737
417.815, -64.18
215.489, -42.244
1085.74, -104.431
1270.513, -69.319
629.716, -32.567
573.7, -32.801
618.814, -18.805
472.847, -20.736
857.792, -52.742
-48.143, -17.458
1157.728, -56.273
712.729, -73.632
393.615, -67.377
1473.046, -77.393
1372.639, -119.903
1563.375, -136.965
976.021, -47.953
1459.489, -42.461
1197.749, -51.521
767.161, -92.983
844.226, -64.66
1664.563, -142.812
440.318, -42.976
136.734, -47.686
244.892, -55.047
1468.198, -79.603
565.837, -76.59
1114.373, -56.12
1613.439, -149.706
910.768, -48.794
1418.328, -52.144
1084.412, -74.489
1381.034, -132.511
83.129, -27.801
792.343, -68.687
495.302, -73.594
1210.022, -117.616
956.49, -20.688
1568.821, -86.06
1110.402, -87.81
18.306, -39.175
202.241, -26.803
1192.621, -31.302
356.988, -53.595
1319.822, -92.876
135.548, -36.324
824.914, -30.012
-6.005, -22.168
484.36, -63.324
1149.418, -75.208
999.118, -50.573
1007.188, -25.84
469.691, -37.862
268.412, -53.191
394.882, -68.362
1327.337, -26.59
1778.348, -164.84
514.537, -60.668
847.173, -18.884
1107.339, -103.568
669.659, -73.497
1166.059, -99.198
1050.439, -68.738
1142.701, -78.783
1623.22, -125.915
17.869, -29.356
201.861, -43.254
701.683, -18.952
1017.766, -48.236
1100.471, -65.169
363.674, -69.873
-49.971, -21.873
44.957, -48.871
820.279, -46.593
854.727, -81.16
1243.966, -27.232
1676.179, -140.762
957.509, -110.776
1448.454, -113.224
1111.66, -29.727
802.248, -42.279
1530.959, -110.3
905.586, -68.434
1687.73, -76.1
978.072, -28.802
1289.939, -57.181
547.805, -63.447
1380.603, -23.387
1004.895, -82.393
1162.298, -30.606
1552.666, -85.725
1172.765, -114.807
1661.545, -117.021
75.219, -42.677
1529.997, -95.849
1486.226, -46.11
732.743, -37.216
337.482, -42.639
866.196, -34.119
818.211, -27.742
1740.895, -60.187
1500.858, -146.316
841.781, -79.103
1666.329, -62.685
632.195, -80.365
1059.776, -95.217
784.309, -26.306
1251.168, -49.348
516.586, -55.289
928.149, -58.305
752.578, -46.259
680.105, -70.704
920.354, -33.327
1714.947, -47.968
1001.713, -80.929
960.486, -106.637
520.216, -18.766
1014.517, -101.559
1552.154, -28.184
908.791, -36.175
397.049, -52.872
1626.118, -138.675
1599.042, -75.226
1297.622, -75.833
29.999, -29.326
977.81, -87.469
781.819, -59.413
915.635, -50.875
1420.895, -60.033
490.011, -46.298
1137.512, -60.14
213.862, -38.395
848.274, -78.611
700.991, -67.831
1600.356, -108.019
639.9, -22.335
377.872, -40.07
586.66, -24.657
1440.694, -124.834
1662.45, -129.328
80.036, -33.028
1063.44, -79.871
1071.194, -40.574
1649.384, -132.882
941.596, -66.621
935.422, -53.722
1612.322, -157.072
1269.922, -118.62
1600.465, -44.874
65.302, -33.647
1722.558, -84.026
1531.482, -78.382
1451.594, -15.733
915.072, -56.127
1419.471, -97.017
1278.805, -77.636
1602.48, -135.574
1457.098, -25.049
1086.424, -34.967
1761.456, -49.519
1365.539, -126.337
4.638, -25.84
950.588, -47.667
1468.654, -27.166
1247.949, -16.683
513.041, -35.742
1565.91, -33.339
281.168, -31.437
1463.556, -22.165
1070.111, -70.459
1191.638, -39.873
880.567, -18.662
1264.522, -75.331
1783.086, -46.523
1271.99, -48.905
494.495, -52.653
400.158, -40.849
1509.277, -16.078
809.374, -53.708
1028.814, -20.656
1338.425, -45.505
191.506, -34.369
157.688, -45.891
889.675, -59.499
1686.506, -42.419
397.713, -44.18
314.371, -30.314
413.23, -31.251
126.338, -46.558
839.098, -37.912
1700.723, -105.82
812.729, -76.595
1138.53, -70.922
1770.047, -125.339
1326.949, -133.483
232.783, -53.388
1174.873, -85.096
1274.122, -132.103
1118.613, -33.433
560.535, -32.683
557.844, -78.388
383.533, -58.779
1714.689, -18.161
249.442, -27.404
313.268, -15.743
1132.322, -29.438
1210.132, -44.516
1489.899, -93.403
1518.574, -93.168
2027.095, -97.724
2358.318, -51.486
2607.288, -204.665
2175.774, -131.305
2255.295, -85.898
2162.79, -52.153
1904.732, -75.911
1846.302, -116.211
2812.12, -176.257
2064.826, -149.073
2752.956, -19.334
2764.307, -38.746
1992.997, -76.959
2466.129, -112.382
2399.353, -17.115
2198.099, -63.108
2371.692, -47.129
2716.967, -114.455
2163.69, -86.858
1820.758, -19.686
2724.891, -198.616
2230.165, -164.09
2048.943, -113.916
2313.475, -123.299
2439.261, -154.604
2814.471, -19.589
2912.669, -154.836
1907.715, -96.069
2160.804, -193.558
1832.247, -100.415
2624.304, -81.982
2588.339, -143.722
2454.329, -124.978
2586.642, -45.769
1901.244, -115.973
2736.635, -192.538
2801.215, -179.942
2884.275, -53.272
2893.022, -37.632
2659.952, -47.229
2623.359, -175.973
2193.491, -163.295
2341.041, -48.356
2641.474, -25.244
2810.291, -191.899
2360.563, -134.717
1931.3, -59.318
2450.509, -176.329
2566.613, -133.344
2554.595, -40.465
2021.088, -184.118
2659.378, -216.651
2398.755, -194.461
2139.988, -24.337
2561.015, -98.457
2901.807, -41.436
2078.279, -119.658
2321.262, -175.067
2035.128, -93.879
2075.78, -141.25
1871.33, -149.915
2488.344, -204.172
2447.855, -30.448
2458.247, -67.446
2028.367, -105.96
1836.309, -141.785
2467.407, -35.14
2632.504, -120.408
2021.961, -31.589
2552.144, -107.411
2843.432, -95.656
1878.005, -47.556
2284.675, -169.494
2063.932, -187.231
2347.896, -72.206
1810.516, -157.507
2001.682, -96.431
2505.57, -62.415
2876.829, -111.069
2604.889, -116.441
1999.243, -106.75
2746.162, -96.484
2368.171, -48.979
1894.167, -40.107
2449.618, -126.746
2053.669, -70.268
1940.176, -128.377
2891.798, -63.186
2081.741, -17.791
2468.057, -123.213
2265.309, -27.607
1879.768, -72.318
2861.646, -33.116
2691.064, -38.709
2107.765, -54.873
1805.501, -156.168
1869.317, -142.749
2725.036, -33.945
2393.89, -158.341
2292.892, -185.605
1986.256, -85.96
2445.172, -69.101
2927.831, -77.205
1809.171, -160.671
2679.308, -157.436
1963.106, -112.302
2698.47, -229.57
2150.909, -54.587
2160.336, -28.48
1948.726, -179.401
2882.643, -57.932
2063.121, -51.078
2332.68, -195.165
2786.273, -71.155
2774.643, -147.092
1903.454, -121.598
2038.356, -157.264
2865.093, -100.241
2860.974, -123.112
2416.097, -52.149
2001.803, -130.788
2601.43, -46.892
2391.803, -52.239
2126.486, -17.985
2501.07, -177.377
2404.257, -188.066
2160.345, -162.211
1982.933, -157.847
1828.769, -15.789
2534.113, -111.198
2815.385, -225.237
2388.491, -107.53
2802.806, -178.693
2274.325, -179.176
1996.628, -80.302
2800.898, -113.389
2208.011, -142.425
2454.485, -174.665
2883.624, -84.559
1943.615, -53.398
2079.529, -111.98
2568.446, -37.026
2294.26, -147.527
2666.933, -122.197
1951.724, -161.466
2024.854, -61.419
2031.251, -45.116
2077.426, -43.973
2915.242, -229.737
2521.788, -140.051
1926.853, -141.724
2813.546, -87.4
2224.565, -180.937
1825.319, -52.752
1978.672, -100.625
2911.944, -50.116
1859.561, -29.56
2794.83, -178.99
2396.995, -83.128
1974.89, -27.578
2385.036, -82.997
2800.572, -44.626
1900.029, -48.106
2329.652, -119.965
2832.909, -96.859
2620.661, -101.002
2118.418, -33.615
2194.193, -82.045
1975.741, -56.787
1998.165, -121.664
2121.897, -189.532
2011.509, -130.849
2765.033, -48.915
1916.158, -86.67
2802.378, -81.695
2379.512, -19.017
2831.584, -41.702
2099.978, -49.067
2401.587, -108.459
1893.068, -95.178
2757.787, -171.437
2714.578, -106.704
2027.258, -180.216
2769.987, -62.867
2884.814, -62.705
2075.531, -91.259
2243.557, -154.842
2707.115, -162.358
2834.796, -239.98
2167.828, -90.233
2705.166, -199.448
1985.896, -161.504
2335.127, -141.016
2211.681, -65.273
2553.524, -127.389
2411.133, -98.855
2021.897, -25.657
2729.213, -102.956
2425.547, -186.224
1957.672, -160.397
2666.973, -176.3
2303.395, -133.686
2634.602, -39.321
2904.053, -243.995
2639.887, -140.359
2753.527, -178.252
2877.019, -243.36
2424.33, -55.814
2707.926, -25.179
2778.656, -36.846
2752.556, -28.353
2218.908, -150.531
2269.263, -96.669
2407.404, -110.546
2587.746, -25.42
2565.424, -48.082
2562.256, -167.462
2798.436, -54.582
2316.378, -129.71
2186.857, -94.686
2427.172, -164.465
2769.454, -198.874
1879.799, -152.653
2051.402, -175.259
2690.418, -193.243
1942.518, -98.117
2646.605, -179.031
2784.401, -182.161
2383.447, -85.713
2481.928, -81.153
2577.684, -152.12
2006.677, -45.771
1826.912, -170.299
1928.396, -140.941
2802.216, -129.646
2575.596, -174.956
2255.272, -143.786
2345.42, -54.775
2230.378, -26.149
2824.079, -82.249
2926.739, -65.618
2553.383, -99.024
2743.887, -187.508
2730.006, -188.538
2845.761, -151.683
2335.594, -115.954
2871.365, -224.837
2430.495, -47.222
2715.035, -209.947
2632.021, -202.123
2684.084, -83.625
2543.711, -199.205
1895.574, -146.013
2420.66, -42.252
2485.8, -74.338
2873.837, -203.755
2241.214, -119.167
2299.464, -193.224
2136.311, -16.405
2458.645, -147.315
1842.07, -62.119
2171.544, -28.87
1876.324, -35.45
1961.91, -159.575
2783.334, -81.872
2586.645, -44.36
2297.295, -84.539
2014.915, -177.286
2257.456, -195.132
2881.034, -63.771
2429.373, -143.478
2801.594, -72.891
1869.345, -71.052
2433.673, -134.072
2681.854, -126.646
ENDTABLE
#RadioCtrl0 1    

#CheckBox0 0    



SPECIAL_PARSFILE Animator\STL\Shape_ad0ff622-c982-4151-ad8c-04baab43d318.par
#BlueLink0 Animator: Shape File Link`Pine: Summer` Environment: Trees` , 3D Object`Shape_ad0ff622-c982-4151-ad8c-04baab43d318


LOG_ENTRY Used Dataset: Road: Animator Repeated Object; { Trees } Trees for Scenic Mountain
#Library : Road: Animator Repeated Object
#DataSet : Trees for Scenic Mountain
#Category: Trees
#FileID  : AniRep_1308b2ad-4997-4885-bfe7-bac4761f38c1
#Product : CarSim 2020.0
#VehCode Repeated Object

END
