PARSFILE
#FullDataName Road: Animator Repeated Object`Guard Rail (Repeating)`Fences
#RingCtrl0 2
#RingCtrl1 0
#DiagramOne0
*POINTS_TABLE
56, -7
56, 15
60, -7
60, 15
64, -7
64, 15
68, -7
68, 15
72, -7
72, 15
76, -7
76, 15
80, -7
80, 15
84, -7
84, 15
88, -7
88, 15
92, -7
92, 15
96, -7
96, 15
100, -7
100, 15
104, -7
104, 15
108, -7
108, 15
112, -7
112, 15
116, -7
116, 15
120, -7
120, 15
124, -7
124, 15
128, -7
128, 15
132, -7
132, 15
136, -7
136, 15
140, -7
140, 15
144, -7
144, 15
148, -7
148, 15
152, -7
152, 15
156, -7
156, 15
160, -7
160, 15
164, -7
164, 15
168, -7
168, 15
172, -7
172, 15
176, -7
176, 15
180, -7
180, 15
184, -7
184, 15
188, -7
188, 15
192, -7
192, 15
196, -7
196, 15
200, -7
200, 15
204, -7
204, 15
208, -7
208, 15
212, -7
212, 15
216, -7
216, 15
220, -7
220, 15
224, -7
224, 15
228, -7
228, 15
232, -7
232, 15
236, -7
236, 15
240, -7
240, 15
244, -7
244, 15
248, -7
248, 15
252, -7
252, 15
256, -7
256, 15
260, -7
260, 15
264, -7
264, 15
268, -7
268, 15
272, -7
272, 15
276, -7
276, 15
280, -7
280, 15
284, -7
284, 15
288, -7
288, 15
292, -7
292, 15
296, -7
296, 15
300, -7
300, 15
304, -7
304, 15
308, -7
308, 15
312, -7
312, 15
316, -7
316, 15
320, -7
320, 15
324, -7
324, 15
328, -7
328, 15
332, -7
332, 15
336, -7
336, 15
340, -7
340, 15
344, -7
344, 15
348, -7
348, 15
352, -7
352, 15
356, -7
356, 15
360, -7
360, 15
364, -7
364, 15
368, -7
368, 15
372, -7
372, 15
376, -7
376, 15
380, -7
380, 15
384, -7
384, 15
388, -7
388, 15
392, -7
392, 15
396, -7
396, 15
400, -7
400, 15
404, -7
404, 15
408, -7
408, 15
412, -7
412, 15
416, -7
416, 15
420, -7
420, 15
424, -7
424, 15
428, -7
428, 15
432, -7
432, 15
436, -7
436, 15
440, -7
440, 15
444, -7
444, 15
448, -7
448, 15
452, -7
452, 15
456, -7
456, 15
460, -7
460, 15
464, -7
464, 15
468, -7
468, 15
472, -7
472, 15
476, -7
476, 15
480, -7
480, 15
484, -7
484, 15
488, -7
488, 15
492, -7
492, 15
496, -7
496, 15
500, -7
500, 15
504, -7
504, 15
508, -7
508, 15
512, -7
512, 15
516, -7
516, 15
520, -7
520, 15
524, -7
524, 15
528, -7
528, 15
532, -7
532, 15
536, -7
536, 15
540, -7
540, 15
544, -7
544, 15
548, -7
548, 15
552, -7
552, 15
556, -7
556, 15
560, -7
560, 15
564, -7
564, 15
568, -7
568, 15
572, -7
572, 15
576, -7
576, 15
580, -7
580, 15
584, -7
584, 15
588, -7
588, 15
592, -7
592, 15
596, -7
596, 15
600, -7
600, 15
604, -7
604, 15
608, -7
608, 15
612, -7
612, 15
616, -7
616, 15
620, -7
620, 15
624, -7
624, 15
628, -7
628, 15
632, -7
632, 15
636, -7
636, 15
640, -7
640, 15
644, -7
644, 15
648, -7
648, 15
652, -7
652, 15
656, -7
656, 15
660, -7
660, 15
664, -7
664, 15
668, -7
668, 15
672, -7
672, 15
676, -7
676, 15
680, -7
680, 15
684, -7
684, 15
688, -7
688, 15
692, -7
692, 15
696, -7
696, 15
700, -7
700, 15
704, -7
704, 15
708, -7
708, 15
712, -7
712, 15
716, -7
716, 15
720, -7
720, 15
724, -7
724, 15
728, -7
728, 15
732, -7
732, 15
736, -7
736, 15
740, -7
740, 15
744, -7
744, 15
748, -7
748, 15
752, -7
752, 15
756, -7
756, 15
760, -7
760, 15
764, -7
764, 15
768, -7
768, 15
772, -7
772, 15
776, -7
776, 15
780, -7
780, 15
784, -7
784, 15
788, -7
788, 15
792, -7
792, 15
796, -7
796, 15
800, -7
800, 15
804, -7
804, 15
808, -7
808, 15
812, -7
812, 15
816, -7
816, 15
820, -7
820, 15
824, -7
824, 15
828, -7
828, 15
832, -7
832, 15
836, -7
836, 15
840, -7
840, 15
844, -7
844, 15
ENDTABLE
#RadioCtrl0 0    

#CheckBox0 0    



SPECIAL_PARSFILE Animator\STL\Shape_a8297e79-58c8-4b47-9c43-83d6ed422353.par
#BlueLink0 Animator: Shape File Link`Guard Rail: Repeatable Center Section` Environment: Props (1 of 2)` , 3D Object`Shape_a8297e79-58c8-4b47-9c43-83d6ed422353


LOG_ENTRY Used Dataset: Road: Animator Repeated Object; { Fences } Guard Rail (Repeating)
#Library : Road: Animator Repeated Object
#DataSet : Guard Rail (Repeating)
#Category: Fences
#FileID  : AniRep_7e3cc8d8-e94e-402c-b663-5afc21fafeb3
#Product : CarSim 2020.0
#VehCode Repeated Object

END
