PARSFILE
#FullDataName Calculator: Symbolic`Figure 8`
#RingCtrl0 1
#RingCtrl1 5
#RingCtrl2 5
#RadioCtrl0 0    

*START 0
*STOP 10
*STEP 0.1
*X SIN(S)
*Y SIN(S) * COS(S)

#DiagramOne0
CALCULATOR_TABLE
0, 0
0.0998334, 0.0993347
0.198669, 0.194709
0.29552, 0.282321
0.389418, 0.358678
0.479426, 0.420735
0.564642, 0.46602
0.644218, 0.492725
0.717356, 0.499787
0.783327, 0.486924
0.841471, 0.454649
0.891207, 0.404248
0.932039, 0.337732
0.963558, 0.257751
0.98545, 0.167494
0.997495, 0.07056
0.999574, -0.0291871
0.991665, -0.127771
0.973848, -0.22126
0.9463, -0.305929
0.909297, -0.378401
0.863209, -0.435788
0.808496, -0.475801
0.745705, -0.496846
0.675463, -0.498082
0.598472, -0.479462
0.515501, -0.441727
0.42738, -0.386382
0.334988, -0.315633
0.239249, -0.232301
0.14112, -0.139708
0.0415807, -0.0415447
-0.0583741, 0.0582746
-0.157746, 0.155771
-0.255541, 0.247057
-0.350783, 0.328493
-0.44252, 0.396834
-0.529836, 0.449354
-0.611858, 0.48396
-0.687766, 0.499272
-0.756802, 0.494679
-0.818277, 0.470365
-0.871576, 0.427299
-0.916166, 0.367199
-0.951602, 0.292459
-0.97753, 0.206059
-0.993691, 0.111445
-0.999923, 0.0123877
-0.996165, -0.0871634
-0.982453, -0.18324
-0.958924, -0.272011
-0.925815, -0.349937
-0.883455, -0.413913
-0.832267, -0.461388
-0.772764, -0.490468
-0.70554, -0.499995
-0.631267, -0.489589
-0.550686, -0.459664
-0.464602, -0.411414
-0.373877, -0.346763
-0.279415, -0.268286
-0.182163, -0.179115
-0.0830894, -0.0828021
0.0168139, 0.0168115
0.116549, 0.115755
0.21512, 0.210084
0.311541, 0.296037
0.40485, 0.370188
0.494113, 0.429581
0.57844, 0.471848
0.656987, 0.495304
0.728969, 0.499013
0.793668, 0.482829
0.850437, 0.447396
0.898708, 0.394126
0.938, 0.325144
0.96792, 0.243199
0.988168, 0.151559
0.998543, 0.0538768
0.998941, -0.0459534
0.989358, -0.143952
0.96989, -0.236211
0.940731, -0.319053
0.902172, -0.389176
0.854599, -0.443784
0.798487, -0.480699
0.734397, -0.49845
0.662969, -0.49633
0.584917, -0.474422
0.501021, -0.433601
0.412118, -0.375494
0.319098, -0.302416
0.22289, -0.217283
0.124454, -0.123487
0.0247754, -0.0247678
-0.0751511, 0.0749386
-0.174327, 0.171657
-0.271761, 0.261533
-0.366479, 0.340982
-0.457536, 0.406837
-0.544021, 0.456473
ENDTABLE

LOG_ENTRY Used Dataset: Calculator: Symbolic; Figure 8
#Library : Calculator: Symbolic
#DataSet : Figure 8
#Category: 
#FileID  : Calc_5e7c4edd-86a1-4713-93e6-b6bdc5310a39
#Product : CarSim 2020.0
#VehCode Calculator

END
