PARSFILE
#FullDataName Road: Animator Repeated Object`Concrete Barrier (Repeating)`Fences
#RingCtrl0 2
#RingCtrl1 0
#DiagramOne0
*POINTS_TABLE
-97, 8
-91, 8
-85, 8
-79, 8
-73, 8
-67, 8
-61, 8
-55, 8
-49, 8
-43, 8
-37, 8
-31, 8
-25, 8
-19, 8
-13, 8
-7, 8
-1, 8
5, 8
11, 8
17, 8
23, 8
29, 8
35, 8
41, 8
47, 8
53, 8
59, 8
65, 8
71, 8
77, 8
83, 8
89, 8
95, 8
101, 8
107, 8
113, 8
119, 8
125, 8
131, 8
137, 8
143, 8
149, 8
155, 8
161, 8
167, 8
173, 8
179, 8
185, 8
191, 8
197, 8
203, 8
209, 8
215, 8
221, 8
227, 8
233, 8
239, 8
245, 8
251, 8
257, 8
263, 8
269, 8
275, 8
281, 8
287, 8
293, 8
299, 8
305, 8
311, 8
317, 8
323, 8
329, 8
335, 8
341, 8
347, 8
353, 8
359, 8
365, 8
371, 8
377, 8
383, 8
389, 8
395, 8
401, 8
407, 8
413, 8
419, 8
425, 8
431, 8
437, 8
443, 8
449, 8
455, 8
461, 8
467, 8
473, 8
479, 8
485, 8
491, 8
497, 8
503, 8
509, 8
515, 8
521, 8
527, 8
533, 8
539, 8
545, 8
551, 8
557, 8
563, 8
569, 8
575, 8
581, 8
587, 8
593, 8
599, 8
605, 8
611, 8
617, 8
623, 8
629, 8
635, 8
641, 8
647, 8
653, 8
659, 8
665, 8
671, 8
677, 8
683, 8
689, 8
695, 8
701, 8
707, 8
713, 8
719, 8
725, 8
731, 8
737, 8
743, 8
749, 8
755, 8
761, 8
767, 8
773, 8
779, 8
785, 8
791, 8
797, 8
803, 8
809, 8
815, 8
821, 8
827, 8
833, 8
839, 8
845, 8
851, 8
857, 8
863, 8
869, 8
875, 8
881, 8
887, 8
893, 8
899, 8
905, 8
911, 8
917, 8
923, 8
929, 8
935, 8
941, 8
947, 8
953, 8
959, 8
965, 8
971, 8
977, 8
983, 8
989, 8
995, 8
1001, 8
1007, 8
1013, 8
1019, 8
1025, 8
1031, 8
1037, 8
1043, 8
1049, 8
1055, 8
1061, 8
1067, 8
1073, 8
1079, 8
1085, 8
1091, 8
1097, 8
1103, 8
1109, 8
1115, 8
1121, 8
1127, 8
1133, 8
1139, 8
1145, 8
1151, 8
1157, 8
1163, 8
1169, 8
1175, 8
1181, 8
1187, 8
1193, 8
1199, 8
1205, 8
1211, 8
1217, 8
1223, 8
1229, 8
1235, 8
1241, 8
1247, 8
1253, 8
1259, 8
1265, 8
1271, 8
1277, 8
1283, 8
1289, 8
1295, 8
1301, 8
1307, 8
1313, 8
1319, 8
1325, 8
1331, 8
1337, 8
1343, 8
1349, 8
1355, 8
1361, 8
1367, 8
1373, 8
1379, 8
1385, 8
1391, 8
1397, 8
1403, 8
1409, 8
1415, 8
1421, 8
1427, 8
1433, 8
1439, 8
1445, 8
1451, 8
1457, 8
1463, 8
1469, 8
1475, 8
1481, 8
1487, 8
1493, 8
1499, 8
1505, 8
1511, 8
1517, 8
1523, 8
1529, 8
1535, 8
1541, 8
1547, 8
1553, 8
1559, 8
1565, 8
1571, 8
1577, 8
1583, 8
1589, 8
1595, 8
1601, 8
1607, 8
1613, 8
1619, 8
1625, 8
1631, 8
1637, 8
1643, 8
1649, 8
1655, 8
1661, 8
1667, 8
1673, 8
1679, 8
1685, 8
1691, 8
1697, 8
1703, 8
1709, 8
1715, 8
1721, 8
1727, 8
1733, 8
1739, 8
1745, 8
1751, 8
1757, 8
1763, 8
1769, 8
1775, 8
1781, 8
1787, 8
1793, 8
1799, 8
1805, 8
1811, 8
1817, 8
1823, 8
1829, 8
1835, 8
1841, 8
1847, 8
1853, 8
1859, 8
1865, 8
1871, 8
1877, 8
1883, 8
1889, 8
1895, 8
1901, 8
1907, 8
1913, 8
1919, 8
1925, 8
1931, 8
1937, 8
1943, 8
1949, 8
1955, 8
1961, 8
1967, 8
1973, 8
1979, 8
1985, 8
1991, 8
1997, 8
ENDTABLE
#RadioCtrl0 0    

#CheckBox0 0    



SPECIAL_PARSFILE Animator\STL\Shape_27c14bb9-de13-4952-b7fc-8aefaca9aafa.par
#BlueLink0 Animator: Shape File Link`Barriers: Concrete` Environment: Props (1 of 2)` , 3D Object`Shape_27c14bb9-de13-4952-b7fc-8aefaca9aafa


LOG_ENTRY Used Dataset: Road: Animator Repeated Object; { Fences } Concrete Barrier (Repeating)
#Library : Road: Animator Repeated Object
#DataSet : Concrete Barrier (Repeating)
#Category: Fences
#FileID  : AniRep_cf39abc9-4a3b-459b-957a-6374180893cb
#Product : CarSim 2020.0
#VehCode Repeated Object

END
