PARSFILE
#FullDataName Road: Animator Repeated Object`Guard Rail (Repeating): 4-Lane Divided`Fences
#RingCtrl0 2
#RingCtrl1 0
#DiagramOne0
*POINTS_TABLE
56, -5.5
56, 20.5
60, -5.5
60, 20.5
64, -5.5
64, 20.5
68, -5.5
68, 20.5
72, -5.5
72, 20.5
76, -5.5
76, 20.5
80, -5.5
80, 20.5
84, -5.5
84, 20.5
88, -5.5
88, 20.5
92, -5.5
92, 20.5
96, -5.5
96, 20.5
100, -5.5
100, 20.5
104, -5.5
104, 20.5
108, -5.5
108, 20.5
112, -5.5
112, 20.5
116, -5.5
116, 20.5
120, -5.5
120, 20.5
124, -5.5
124, 20.5
128, -5.5
128, 20.5
132, -5.5
132, 20.5
136, -5.5
136, 20.5
140, -5.5
140, 20.5
144, -5.5
144, 20.5
148, -5.5
148, 20.5
152, -5.5
152, 20.5
156, -5.5
156, 20.5
160, -5.5
160, 20.5
164, -5.5
164, 20.5
168, -5.5
168, 20.5
172, -5.5
172, 20.5
176, -5.5
176, 20.5
180, -5.5
180, 20.5
184, -5.5
184, 20.5
188, -5.5
188, 20.5
192, -5.5
192, 20.5
196, -5.5
196, 20.5
200, -5.5
200, 20.5
204, -5.5
204, 20.5
208, -5.5
208, 20.5
212, -5.5
212, 20.5
216, -5.5
216, 20.5
220, -5.5
220, 20.5
224, -5.5
224, 20.5
228, -5.5
228, 20.5
232, -5.5
232, 20.5
236, -5.5
236, 20.5
240, -5.5
240, 20.5
244, -5.5
244, 20.5
248, -5.5
248, 20.5
252, -5.5
252, 20.5
256, -5.5
256, 20.5
260, -5.5
260, 20.5
264, -5.5
264, 20.5
268, -5.5
268, 20.5
272, -5.5
272, 20.5
276, -5.5
276, 20.5
280, -5.5
280, 20.5
284, -5.5
284, 20.5
288, -5.5
288, 20.5
292, -5.5
292, 20.5
296, -5.5
296, 20.5
300, -5.5
300, 20.5
304, -5.5
304, 20.5
308, -5.5
308, 20.5
312, -5.5
312, 20.5
316, -5.5
316, 20.5
320, -5.5
320, 20.5
324, -5.5
324, 20.5
328, -5.5
328, 20.5
332, -5.5
332, 20.5
336, -5.5
336, 20.5
340, -5.5
340, 20.5
344, -5.5
344, 20.5
348, -5.5
348, 20.5
352, -5.5
352, 20.5
356, -5.5
356, 20.5
360, -5.5
360, 20.5
364, -5.5
364, 20.5
368, -5.5
368, 20.5
372, -5.5
372, 20.5
376, -5.5
376, 20.5
380, -5.5
380, 20.5
384, -5.5
384, 20.5
388, -5.5
388, 20.5
392, -5.5
392, 20.5
396, -5.5
396, 20.5
400, -5.5
400, 20.5
404, -5.5
404, 20.5
408, -5.5
408, 20.5
412, -5.5
412, 20.5
416, -5.5
416, 20.5
420, -5.5
420, 20.5
424, -5.5
424, 20.5
428, -5.5
428, 20.5
432, -5.5
432, 20.5
436, -5.5
436, 20.5
440, -5.5
440, 20.5
444, -5.5
444, 20.5
448, -5.5
448, 20.5
452, -5.5
452, 20.5
456, -5.5
456, 20.5
460, -5.5
460, 20.5
464, -5.5
464, 20.5
468, -5.5
468, 20.5
472, -5.5
472, 20.5
476, -5.5
476, 20.5
480, -5.5
480, 20.5
484, -5.5
484, 20.5
488, -5.5
488, 20.5
492, -5.5
492, 20.5
496, -5.5
496, 20.5
500, -5.5
500, 20.5
504, -5.5
504, 20.5
508, -5.5
508, 20.5
512, -5.5
512, 20.5
516, -5.5
516, 20.5
520, -5.5
520, 20.5
524, -5.5
524, 20.5
528, -5.5
528, 20.5
532, -5.5
532, 20.5
536, -5.5
536, 20.5
540, -5.5
540, 20.5
544, -5.5
544, 20.5
548, -5.5
548, 20.5
552, -5.5
552, 20.5
556, -5.5
556, 20.5
560, -5.5
560, 20.5
564, -5.5
564, 20.5
568, -5.5
568, 20.5
572, -5.5
572, 20.5
576, -5.5
576, 20.5
580, -5.5
580, 20.5
584, -5.5
584, 20.5
588, -5.5
588, 20.5
592, -5.5
592, 20.5
596, -5.5
596, 20.5
600, -5.5
600, 20.5
604, -5.5
604, 20.5
608, -5.5
608, 20.5
612, -5.5
612, 20.5
616, -5.5
616, 20.5
620, -5.5
620, 20.5
624, -5.5
624, 20.5
628, -5.5
628, 20.5
632, -5.5
632, 20.5
636, -5.5
636, 20.5
640, -5.5
640, 20.5
644, -5.5
644, 20.5
648, -5.5
648, 20.5
652, -5.5
652, 20.5
656, -5.5
656, 20.5
660, -5.5
660, 20.5
664, -5.5
664, 20.5
668, -5.5
668, 20.5
672, -5.5
672, 20.5
676, -5.5
676, 20.5
680, -5.5
680, 20.5
684, -5.5
684, 20.5
688, -5.5
688, 20.5
692, -5.5
692, 20.5
696, -5.5
696, 20.5
700, -5.5
700, 20.5
704, -5.5
704, 20.5
708, -5.5
708, 20.5
712, -5.5
712, 20.5
716, -5.5
716, 20.5
720, -5.5
720, 20.5
724, -5.5
724, 20.5
728, -5.5
728, 20.5
732, -5.5
732, 20.5
736, -5.5
736, 20.5
740, -5.5
740, 20.5
744, -5.5
744, 20.5
748, -5.5
748, 20.5
752, -5.5
752, 20.5
756, -5.5
756, 20.5
760, -5.5
760, 20.5
764, -5.5
764, 20.5
768, -5.5
768, 20.5
772, -5.5
772, 20.5
776, -5.5
776, 20.5
780, -5.5
780, 20.5
784, -5.5
784, 20.5
788, -5.5
788, 20.5
792, -5.5
792, 20.5
796, -5.5
796, 20.5
800, -5.5
800, 20.5
804, -5.5
804, 20.5
808, -5.5
808, 20.5
812, -5.5
812, 20.5
816, -5.5
816, 20.5
820, -5.5
820, 20.5
824, -5.5
824, 20.5
828, -5.5
828, 20.5
832, -5.5
832, 20.5
836, -5.5
836, 20.5
840, -5.5
840, 20.5
844, -5.5
844, 20.5
ENDTABLE
#RadioCtrl0 0    

#CheckBox0 0    



SPECIAL_PARSFILE Animator\STL\Shape_a8297e79-58c8-4b47-9c43-83d6ed422353.par
#BlueLink0 Animator: Shape File Link`Guard Rail: Repeatable Center Section` Environment: Props (1 of 2)` , 3D Object`Shape_a8297e79-58c8-4b47-9c43-83d6ed422353


LOG_ENTRY Used Dataset: Road: Animator Repeated Object; { Fences } Guard Rail (Repeating): 4-Lane Divided
#Library : Road: Animator Repeated Object
#DataSet : Guard Rail (Repeating): 4-Lane Divided
#Category: Fences
#FileID  : AniRep_f6fa94d5-ffd1-42f5-bccc-17ccd5907999
#Product : CarSim 2020.0
#VehCode Repeated Object

END
