PARSFILE
#FullDataName Road: Animator Repeated Object`Trees (0, 1200)`Trees
#RingCtrl0 1
#RingCtrl1 0
#DiagramOne0
*POINTS_TABLE
-999.5, -22
-981.8, 23.7
-952.2, -18.4
-937.6, 21.4
-924.1, -20.5
-909.1, 23.3
-861.6, -15.2
-847.7, 24.3
-833, -20.6
-816.4, 22.8
-804.5, -16.5
-789.4, 16
-771.3, -21.4
-757.2, 23.4
-744, -21.9
-727.6, 15.2
-711.5, -16.3
-697, 22
-682.9, -19.3
-666.2, 19
-651.7, -24
-637.6, 16.6
-622.7, -17.8
-606.3, 18.9
-593, -23.1
-579.4, 23.9
-563.3, -20.9
-549.5, 21.3
-532.8, -21.2
-518.4, 18.3
-502.2, -19.1
-499.5, -22
-481.8, 23.7
-452.2, -18.4
-437.6, 21.4
-424.1, -20.5
-409.1, 23.3
-361.6, -15.2
-347.7, 24.3
-333, -20.6
-316.4, 22.8
-304.5, -16.5
-289.4, 16
-271.3, -21.4
-257.2, 23.4
-244, -21.9
-227.6, 15.2
-211.5, -16.3
-197, 22
-182.9, -19.3
-166.2, 19
-151.7, -24
-137.6, 16.6
-122.7, -17.8
-106.3, 18.9
-93, -23.1
-79.4, 23.9
-63.3, -20.9
-49.5, 21.3
-32.8, -21.2
-18.4, 18.3
-2.2, -19.1
0.5, -22
18.2, 23.7
47.8, -18.4
62.4, 21.4
75.9, -20.5
90.9, 23.3
138.4, -15.2
152.3, 24.3
167, -20.6
183.6, 22.8
195.5, -16.5
210.6, 16
228.7, -21.4
242.8, 23.4
256, -21.9
272.4, 15.2
288.5, -16.3
303, 22
317.1, -19.3
333.8, 19
348.3, -24
362.4, 16.6
377.3, -17.8
393.7, 18.9
407, -23.1
420.6, 23.9
436.7, -20.9
450.5, 21.3
467.2, -21.2
481.6, 18.3
497.8, -19.1
500.5, -22
518.2, 23.7
547.8, -18.4
562.4, 21.4
575.9, -20.5
590.9, 23.3
638.4, -15.2
652.3, 24.3
667, -20.6
683.6, 22.8
695.5, -16.5
710.6, 16
728.7, -21.4
742.8, 23.4
756, -21.9
772.4, 15.2
788.5, -16.3
803, 22
817.1, -19.3
833.8, 19
848.3, -24
862.4, 16.6
877.3, -17.8
893.7, 18.9
907, -23.1
920.6, 23.9
936.7, -20.9
950.5, 21.3
967.2, -21.2
981.6, 18.3
997.8, -19.1
1000.5, -22
1018.2, 23.7
1047.8, -18.4
1062.4, 21.4
1075.9, -20.5
1090.9, 23.3
1138.4, -15.2
1152.3, 24.3
1167, -20.6
1183.6, 22.8
1195.5, -16.5
1210.6, 16
1228.7, -21.4
1242.8, 23.4
1256, -21.9
1272.4, 15.2
1288.5, -16.3
1303, 22
1317.1, -19.3
1333.8, 19
1348.3, -24
1362.4, 16.6
1377.3, -17.8
1393.7, 18.9
1407, -23.1
1420.6, 23.9
1436.7, -20.9
1450.5, 21.3
1467.2, -21.2
1481.6, 18.3
1497.8, -19.1
1500.5, -22
1518.2, 23.7
1547.8, -18.4
1562.4, 21.4
1575.9, -20.5
1590.9, 23.3
1638.4, -15.2
1652.3, 24.3
1667, -20.6
1683.6, 22.8
1695.5, -16.5
1710.6, 16
1728.7, -21.4
1742.8, 23.4
1756, -21.9
1772.4, 15.2
1788.5, -16.3
1803, 22
1817.1, -19.3
1833.8, 19
1848.3, -24
1862.4, 16.6
1877.3, -17.8
1893.7, 18.9
1907, -23.1
1920.6, 23.9
1936.7, -20.9
1950.5, 21.3
1967.2, -21.2
1981.6, 18.3
1997.8, -19.1
ENDTABLE
#RadioCtrl0 0    

#CheckBox0 0    



SPECIAL_PARSFILE Animator\STL\Shape_ad0ff622-c982-4151-ad8c-04baab43d318.par
#BlueLink0 Animator: Shape File Link`Pine: Summer` Environment: Trees` , 3D Object`Shape_ad0ff622-c982-4151-ad8c-04baab43d318


LOG_ENTRY Used Dataset: Road: Animator Repeated Object; { Trees } Trees (0, 1200)
#Library : Road: Animator Repeated Object
#DataSet : Trees (0, 1200)
#Category: Trees
#FileID  : AniRep_8e99d991-f185-48ca-83a5-275b91161cb3
#Product : CarSim 2020.0
#VehCode Repeated Object

END
