PARSFILE
#FullDataName Road: Animator Repeated Object`Trees (-100, 2000): 4-Lane Divided`Trees
#RingCtrl0 1
#RingCtrl1 0
#DiagramOne0
*POINTS_TABLE
-99.5, -23
-81.8, 45.55
-52.2, -17.6
-37.6, 42.1
-24.1, -20.75
-9.1, 44.95
22.5188781014, -25.3324285714
52.3, 46.45
67, -20.9
83.6, 44.2
119.906968716, -27.9452857143
110.6, 34
128.7, -22.1
142.8, 45.1
156, -22.85
172.4, 32.8
199.815145631, -27.9452857143
203, 43
217.1, -18.95
233.8, 38.5
248.3, -26
262.4, 34.9
279.723322546, -30.5581428571
293.7, 38.35
307, -24.65
320.6, 45.85
336.7, -21.35
350.5, 41.95
367.2, -21.8
381.6, 37.45
397.8, -18.65
400.5, -23
418.2, 45.55
444.533937433, -30.0355714286
462.4, 42.1
475.9, -20.75
490.9, 44.95
529.436375405, -23.7647142857
552.3, 46.45
567, -20.9
583.6, 44.2
554.40768069, -28.9904285714
610.6, 34
628.7, -22.1
642.8, 45.1
656, -22.85
672.4, 32.8
676.767076591, -26.9001428571
703, 43
717.1, -18.95
733.8, 38.5
748.3, -26
762.4, 34.9
774.155167206, -28.9904285714
793.7, 38.35
807, -24.65
820.6, 45.85
836.7, -21.35
850.5, 41.95
867.2, -21.8
881.6, 37.45
897.8, -18.65
900.5, -23
918.2, 45.55
947.8, -17.6
962.4, 42.1
975.9, -20.75
990.9, 44.95
1038.85100324, -26.9001428571
1052.3, 46.45
1067, -20.9
1083.6, 44.2
1053.83378641, -30.5581428571
1110.6, 34
1128.7, -22.1
1142.8, 45.1
1156, -22.85
1172.4, 32.8
1226.13579288, -30.0355714286
1203, 43
1217.1, -18.95
1233.8, 38.5
1248.3, -26
1262.4, 34.9
1345.99805825, -31.6032857143
1293.7, 38.35
1307, -24.65
1320.6, 45.85
1336.7, -21.35
1350.5, 41.95
1367.2, -21.8
1381.6, 37.45
1397.8, -18.65
1400.5, -23
1418.2, 45.55
1447.8, -17.6
1462.4, 42.1
1475.9, -20.75
1490.9, 44.95
1538.4, -12.8
1552.3, 46.45
1567, -20.9
1583.6, 44.2
1595.5, -14.75
1610.6, 34
1628.7, -22.1
1642.8, 45.1
1656, -22.85
1672.4, 32.8
1688.5, -14.45
1703, 43
1717.1, -18.95
1733.8, 38.5
1748.3, -26
1762.4, 34.9
1777.3, -16.7
1793.7, 38.35
1807, -24.65
1820.6, 45.85
1836.7, -21.35
1850.5, 41.95
1867.2, -21.8
1881.6, 37.45
1897.8, -18.65
1900.5, -23
1918.2, 45.55
1947.8, -17.6
1962.4, 42.1
1975.9, -20.75
1990.9, 44.95
-88.5, -26
-73.8, 53.55
-31.2, -21.6
-30.6, 48.1
-19.1, -27.75
12.9, 49.95
47.4, -22.8
75.3, 50.45
79, -27.9
94.6, 52.2
104.5, -19.75
132.6, 41
150.7, -26.1
167.8, 54.1
169, -28.85
185.4, 41.8
198.5, -21.45
225, 48
236.1, -25.95
250.8, 44.5
256.3, -29
276.4, 41.9
286.3, -20.7
299.7, 47.35
326, -29.65
333.6, 50.85
352.7, -31.35
366.5, 49.95
374.2, -28.8
397.6, 43.45
419.8, -25.65
415.5, -30
427.2, 55.55
452.8, -23.6
472.4, 49.1
494.9, -30.75
512.9, 48.95
546.4, -17.8
576.3, 52.45
589, -30.9
599.6, 47.2
616.835943905, -25.855
635.6, 40
639.7, -26.1
664.8, 48.1
661, -32.85
688.4, 39.8
709.5, -21.45
710, 47
725.1, -27.95
755.8, 48.5
755.3, -35
768.4, 44.9
798.3, -24.7
798.7, 48.35
820, -33.65
845.6, 49.85
845.7, -26.35
865.5, 46.95
882.2, -31.8
890.6, 44.45
902.8, -26.65
916.5, -29
924.2, 50.55
961.8, -26.6
969.4, 46.1
988.9, -28.75
999.9, 48.95
1044.4, -18.8
1063.3, 49.45
1091, -28.9
1100.6, 48.2
1101.5, -23.75
1116.6, 42
1133.7, -32.1
1165.8, 50.1
1170, -29.85
1180.4, 42.8
1195.5, -20.45
1228, 48
1240.1, -22.95
1256.8, 44.5
1261.3, -29
1287.4, 42.9
1288.3, -26.7
1318.7, 46.35
1321, -27.65
1335.6, 53.85
1350.7, -24.35
1359.5, 50.95
1392.2, -30.8
1403.6, 46.45
1411.8, -22.65
1417.5, -28
1424.2, 53.55
1470.8, -22.6
1480.4, 51.1
1485.9, -28.75
1514.9, 54.95
1550.4, -15.8
1571.3, 56.45
1586, -26.9
1590.6, 53.2
1620.5, -23.75
1632.6, 38
1648.7, -26.1
1667.8, 51.1
1680, -26.85
1690.4, 37.8
1704.5, -20.45
1711, 47
1725.1, -23.95
1753.8, 46.5
1765.3, -32
1779.4, 40.9
1794.3, -24.7
1798.7, 43.35
1820, -27.65
1838.6, 53.85
1853.7, -28.35
1856.5, 50.95
1879.2, -28.8
1886.6, 40.45
1904.8, -27.65
1918.5, -31
1936.2, 53.55
1969.8, -22.6
1969.4, 48.1
1989.9, -27.75
2004.9, 48.95
ENDTABLE
#RadioCtrl0 0    

#CheckBox0 0    



SPECIAL_PARSFILE Animator\STL\Shape_b639c6f4-88ee-4c0a-b131-51a82e79064b.par
#BlueLink0 Animator: Shape File Link`Oak: Summer` Environment: Trees` , 3D Object`Shape_b639c6f4-88ee-4c0a-b131-51a82e79064b


LOG_ENTRY Used Dataset: Road: Animator Repeated Object; { Trees } Trees (-100, 2000): 4-Lane Divided
#Library : Road: Animator Repeated Object
#DataSet : Trees (-100, 2000): 4-Lane Divided
#Category: Trees
#FileID  : AniRep_bfc12b33-9e92-4b51-a269-b58203091267
#Product : CarSim 2020.0
#VehCode Repeated Object

END
