PARSFILE
#FullDataName Generic Table`Steer Linkage Kinematics - RH (Base)`2D Steer
#RingCtrl0 CARPET
#CheckBox0 1    

#MiscYellow0
isteer_2d 2
set_units steer_2d_carpet deg
set_units_table_row steer_2d_carpet mm
set_units_table_col steer_2d_carpet mm
#ENDMYellow

*3D_XLabel jnc_r1
*3D_YLabel y_rack1
*3D_ZLabel Road wheel steer

#DiagramTwo0
*3D_DATA 15, 201 ! columns x rows
steer_2d_CARPET 2D_LINEAR
0, -70, -60, -50, -40, -30, -20, -10, 0, 10, 20, 30, 40, 50, 60, 70
-75, -41.645, -41.645, -41.645, -41.645, -41.645, -41.645, -41.645, -41.645, -41.645, -41.645, -41.645, -41.645, -41.645, -41.645, -41.645
-74.25, -41.11, -41.11, -41.11, -41.11, -41.11, -41.11, -41.11, -41.11, -41.11, -41.11, -41.11, -41.11, -41.11, -41.11, -41.11
-73.5, -40.578, -40.578, -40.578, -40.578, -40.578, -40.578, -40.578, -40.578, -40.578, -40.578, -40.578, -40.578, -40.578, -40.578, -40.578
-72.75, -40.05, -40.05, -40.05, -40.05, -40.05, -40.05, -40.05, -40.05, -40.05, -40.05, -40.05, -40.05, -40.05, -40.05, -40.05
-72, -39.525, -39.525, -39.525, -39.525, -39.525, -39.525, -39.525, -39.525, -39.525, -39.525, -39.525, -39.525, -39.525, -39.525, -39.525
-71.25, -39.003, -39.003, -39.003, -39.003, -39.003, -39.003, -39.003, -39.003, -39.003, -39.003, -39.003, -39.003, -39.003, -39.003, -39.003
-70.5, -38.483, -38.483, -38.483, -38.483, -38.483, -38.483, -38.483, -38.483, -38.483, -38.483, -38.483, -38.483, -38.483, -38.483, -38.483
-69.75, -37.967, -37.967, -37.967, -37.967, -37.967, -37.967, -37.967, -37.967, -37.967, -37.967, -37.967, -37.967, -37.967, -37.967, -37.967
-69, -37.454, -37.454, -37.454, -37.454, -37.454, -37.454, -37.454, -37.454, -37.454, -37.454, -37.454, -37.454, -37.454, -37.454, -37.454
-68.25, -36.944, -36.944, -36.944, -36.944, -36.944, -36.944, -36.944, -36.944, -36.944, -36.944, -36.944, -36.944, -36.944, -36.944, -36.944
-67.5, -36.437, -36.437, -36.437, -36.437, -36.437, -36.437, -36.437, -36.437, -36.437, -36.437, -36.437, -36.437, -36.437, -36.437, -36.437
-66.75, -35.933, -35.933, -35.933, -35.933, -35.933, -35.933, -35.933, -35.933, -35.933, -35.933, -35.933, -35.933, -35.933, -35.933, -35.933
-66, -35.432, -35.432, -35.432, -35.432, -35.432, -35.432, -35.432, -35.432, -35.432, -35.432, -35.432, -35.432, -35.432, -35.432, -35.432
-65.25, -34.934, -34.934, -34.934, -34.934, -34.934, -34.934, -34.934, -34.934, -34.934, -34.934, -34.934, -34.934, -34.934, -34.934, -34.934
-64.5, -34.438, -34.438, -34.438, -34.438, -34.438, -34.438, -34.438, -34.438, -34.438, -34.438, -34.438, -34.438, -34.438, -34.438, -34.438
-63.75, -33.946, -33.946, -33.946, -33.946, -33.946, -33.946, -33.946, -33.946, -33.946, -33.946, -33.946, -33.946, -33.946, -33.946, -33.946
-63, -33.456, -33.456, -33.456, -33.456, -33.456, -33.456, -33.456, -33.456, -33.456, -33.456, -33.456, -33.456, -33.456, -33.456, -33.456
-62.25, -32.969, -32.969, -32.969, -32.969, -32.969, -32.969, -32.969, -32.969, -32.969, -32.969, -32.969, -32.969, -32.969, -32.969, -32.969
-61.5, -32.484, -32.484, -32.484, -32.484, -32.484, -32.484, -32.484, -32.484, -32.484, -32.484, -32.484, -32.484, -32.484, -32.484, -32.484
-60.75, -32.003, -32.003, -32.003, -32.003, -32.003, -32.003, -32.003, -32.003, -32.003, -32.003, -32.003, -32.003, -32.003, -32.003, -32.003
-60, -31.524, -31.524, -31.524, -31.524, -31.524, -31.524, -31.524, -31.524, -31.524, -31.524, -31.524, -31.524, -31.524, -31.524, -31.524
-59.25, -31.047, -31.047, -31.047, -31.047, -31.047, -31.047, -31.047, -31.047, -31.047, -31.047, -31.047, -31.047, -31.047, -31.047, -31.047
-58.5, -30.574, -30.574, -30.574, -30.574, -30.574, -30.574, -30.574, -30.574, -30.574, -30.574, -30.574, -30.574, -30.574, -30.574, -30.574
-57.75, -30.103, -30.103, -30.103, -30.103, -30.103, -30.103, -30.103, -30.103, -30.103, -30.103, -30.103, -30.103, -30.103, -30.103, -30.103
-57, -29.634, -29.634, -29.634, -29.634, -29.634, -29.634, -29.634, -29.634, -29.634, -29.634, -29.634, -29.634, -29.634, -29.634, -29.634
-56.25, -29.168, -29.168, -29.168, -29.168, -29.168, -29.168, -29.168, -29.168, -29.168, -29.168, -29.168, -29.168, -29.168, -29.168, -29.168
-55.5, -28.705, -28.705, -28.705, -28.705, -28.705, -28.705, -28.705, -28.705, -28.705, -28.705, -28.705, -28.705, -28.705, -28.705, -28.705
-54.75, -28.244, -28.244, -28.244, -28.244, -28.244, -28.244, -28.244, -28.244, -28.244, -28.244, -28.244, -28.244, -28.244, -28.244, -28.244
-54, -27.786, -27.786, -27.786, -27.786, -27.786, -27.786, -27.786, -27.786, -27.786, -27.786, -27.786, -27.786, -27.786, -27.786, -27.786
-53.25, -27.33, -27.33, -27.33, -27.33, -27.33, -27.33, -27.33, -27.33, -27.33, -27.33, -27.33, -27.33, -27.33, -27.33, -27.33
-52.5, -26.877, -26.877, -26.877, -26.877, -26.877, -26.877, -26.877, -26.877, -26.877, -26.877, -26.877, -26.877, -26.877, -26.877, -26.877
-51.75, -26.426, -26.426, -26.426, -26.426, -26.426, -26.426, -26.426, -26.426, -26.426, -26.426, -26.426, -26.426, -26.426, -26.426, -26.426
-51, -25.977, -25.977, -25.977, -25.977, -25.977, -25.977, -25.977, -25.977, -25.977, -25.977, -25.977, -25.977, -25.977, -25.977, -25.977
-50.25, -25.531, -25.531, -25.531, -25.531, -25.531, -25.531, -25.531, -25.531, -25.531, -25.531, -25.531, -25.531, -25.531, -25.531, -25.531
-49.5, -25.087, -25.087, -25.087, -25.087, -25.087, -25.087, -25.087, -25.087, -25.087, -25.087, -25.087, -25.087, -25.087, -25.087, -25.087
-48.75, -24.646, -24.646, -24.646, -24.646, -24.646, -24.646, -24.646, -24.646, -24.646, -24.646, -24.646, -24.646, -24.646, -24.646, -24.646
-48, -24.206, -24.206, -24.206, -24.206, -24.206, -24.206, -24.206, -24.206, -24.206, -24.206, -24.206, -24.206, -24.206, -24.206, -24.206
-47.25, -23.769, -23.769, -23.769, -23.769, -23.769, -23.769, -23.769, -23.769, -23.769, -23.769, -23.769, -23.769, -23.769, -23.769, -23.769
-46.5, -23.335, -23.335, -23.335, -23.335, -23.335, -23.335, -23.335, -23.335, -23.335, -23.335, -23.335, -23.335, -23.335, -23.335, -23.335
-45.75, -22.902, -22.902, -22.902, -22.902, -22.902, -22.902, -22.902, -22.902, -22.902, -22.902, -22.902, -22.902, -22.902, -22.902, -22.902
-45, -22.472, -22.472, -22.472, -22.472, -22.472, -22.472, -22.472, -22.472, -22.472, -22.472, -22.472, -22.472, -22.472, -22.472, -22.472
-44.25, -22.044, -22.044, -22.044, -22.044, -22.044, -22.044, -22.044, -22.044, -22.044, -22.044, -22.044, -22.044, -22.044, -22.044, -22.044
-43.5, -21.619, -21.619, -21.619, -21.619, -21.619, -21.619, -21.619, -21.619, -21.619, -21.619, -21.619, -21.619, -21.619, -21.619, -21.619
-42.75, -21.195, -21.195, -21.195, -21.195, -21.195, -21.195, -21.195, -21.195, -21.195, -21.195, -21.195, -21.195, -21.195, -21.195, -21.195
-42, -20.774, -20.774, -20.774, -20.774, -20.774, -20.774, -20.774, -20.774, -20.774, -20.774, -20.774, -20.774, -20.774, -20.774, -20.774
-41.25, -20.354, -20.354, -20.354, -20.354, -20.354, -20.354, -20.354, -20.354, -20.354, -20.354, -20.354, -20.354, -20.354, -20.354, -20.354
-40.5, -19.937, -19.937, -19.937, -19.937, -19.937, -19.937, -19.937, -19.937, -19.937, -19.937, -19.937, -19.937, -19.937, -19.937, -19.937
-39.75, -19.522, -19.522, -19.522, -19.522, -19.522, -19.522, -19.522, -19.522, -19.522, -19.522, -19.522, -19.522, -19.522, -19.522, -19.522
-39, -19.109, -19.109, -19.109, -19.109, -19.109, -19.109, -19.109, -19.109, -19.109, -19.109, -19.109, -19.109, -19.109, -19.109, -19.109
-38.25, -18.698, -18.698, -18.698, -18.698, -18.698, -18.698, -18.698, -18.698, -18.698, -18.698, -18.698, -18.698, -18.698, -18.698, -18.698
-37.5, -18.289, -18.289, -18.289, -18.289, -18.289, -18.289, -18.289, -18.289, -18.289, -18.289, -18.289, -18.289, -18.289, -18.289, -18.289
-36.75, -17.882, -17.882, -17.882, -17.882, -17.882, -17.882, -17.882, -17.882, -17.882, -17.882, -17.882, -17.882, -17.882, -17.882, -17.882
-36, -17.477, -17.477, -17.477, -17.477, -17.477, -17.477, -17.477, -17.477, -17.477, -17.477, -17.477, -17.477, -17.477, -17.477, -17.477
-35.25, -17.074, -17.074, -17.074, -17.074, -17.074, -17.074, -17.074, -17.074, -17.074, -17.074, -17.074, -17.074, -17.074, -17.074, -17.074
-34.5, -16.673, -16.673, -16.673, -16.673, -16.673, -16.673, -16.673, -16.673, -16.673, -16.673, -16.673, -16.673, -16.673, -16.673, -16.673
-33.75, -16.274, -16.274, -16.274, -16.274, -16.274, -16.274, -16.274, -16.274, -16.274, -16.274, -16.274, -16.274, -16.274, -16.274, -16.274
-33, -15.877, -15.877, -15.877, -15.877, -15.877, -15.877, -15.877, -15.877, -15.877, -15.877, -15.877, -15.877, -15.877, -15.877, -15.877
-32.25, -15.481, -15.481, -15.481, -15.481, -15.481, -15.481, -15.481, -15.481, -15.481, -15.481, -15.481, -15.481, -15.481, -15.481, -15.481
-31.5, -15.088, -15.088, -15.088, -15.088, -15.088, -15.088, -15.088, -15.088, -15.088, -15.088, -15.088, -15.088, -15.088, -15.088, -15.088
-30.75, -14.696, -14.696, -14.696, -14.696, -14.696, -14.696, -14.696, -14.696, -14.696, -14.696, -14.696, -14.696, -14.696, -14.696, -14.696
-30, -14.306, -14.306, -14.306, -14.306, -14.306, -14.306, -14.306, -14.306, -14.306, -14.306, -14.306, -14.306, -14.306, -14.306, -14.306
-29.25, -13.918, -13.918, -13.918, -13.918, -13.918, -13.918, -13.918, -13.918, -13.918, -13.918, -13.918, -13.918, -13.918, -13.918, -13.918
-28.5, -13.532, -13.532, -13.532, -13.532, -13.532, -13.532, -13.532, -13.532, -13.532, -13.532, -13.532, -13.532, -13.532, -13.532, -13.532
-27.75, -13.148, -13.148, -13.148, -13.148, -13.148, -13.148, -13.148, -13.148, -13.148, -13.148, -13.148, -13.148, -13.148, -13.148, -13.148
-27, -12.765, -12.765, -12.765, -12.765, -12.765, -12.765, -12.765, -12.765, -12.765, -12.765, -12.765, -12.765, -12.765, -12.765, -12.765
-26.25, -12.384, -12.384, -12.384, -12.384, -12.384, -12.384, -12.384, -12.384, -12.384, -12.384, -12.384, -12.384, -12.384, -12.384, -12.384
-25.5, -12.005, -12.005, -12.005, -12.005, -12.005, -12.005, -12.005, -12.005, -12.005, -12.005, -12.005, -12.005, -12.005, -12.005, -12.005
-24.75, -11.627, -11.627, -11.627, -11.627, -11.627, -11.627, -11.627, -11.627, -11.627, -11.627, -11.627, -11.627, -11.627, -11.627, -11.627
-24, -11.251, -11.251, -11.251, -11.251, -11.251, -11.251, -11.251, -11.251, -11.251, -11.251, -11.251, -11.251, -11.251, -11.251, -11.251
-23.25, -10.877, -10.877, -10.877, -10.877, -10.877, -10.877, -10.877, -10.877, -10.877, -10.877, -10.877, -10.877, -10.877, -10.877, -10.877
-22.5, -10.504, -10.504, -10.504, -10.504, -10.504, -10.504, -10.504, -10.504, -10.504, -10.504, -10.504, -10.504, -10.504, -10.504, -10.504
-21.75, -10.133, -10.133, -10.133, -10.133, -10.133, -10.133, -10.133, -10.133, -10.133, -10.133, -10.133, -10.133, -10.133, -10.133, -10.133
-21, -9.7639, -9.7639, -9.7639, -9.7639, -9.7639, -9.7639, -9.7639, -9.7639, -9.7639, -9.7639, -9.7639, -9.7639, -9.7639, -9.7639, -9.7639
-20.25, -9.3961, -9.3961, -9.3961, -9.3961, -9.3961, -9.3961, -9.3961, -9.3961, -9.3961, -9.3961, -9.3961, -9.3961, -9.3961, -9.3961, -9.3961
-19.5, -9.0298, -9.0298, -9.0298, -9.0298, -9.0298, -9.0298, -9.0298, -9.0298, -9.0298, -9.0298, -9.0298, -9.0298, -9.0298, -9.0298, -9.0298
-18.75, -8.6652, -8.6652, -8.6652, -8.6652, -8.6652, -8.6652, -8.6652, -8.6652, -8.6652, -8.6652, -8.6652, -8.6652, -8.6652, -8.6652, -8.6652
-18, -8.302, -8.302, -8.302, -8.302, -8.302, -8.302, -8.302, -8.302, -8.302, -8.302, -8.302, -8.302, -8.302, -8.302, -8.302
-17.25, -7.9404, -7.9404, -7.9404, -7.9404, -7.9404, -7.9404, -7.9404, -7.9404, -7.9404, -7.9404, -7.9404, -7.9404, -7.9404, -7.9404, -7.9404
-16.5, -7.5802, -7.5802, -7.5802, -7.5802, -7.5802, -7.5802, -7.5802, -7.5802, -7.5802, -7.5802, -7.5802, -7.5802, -7.5802, -7.5802, -7.5802
-15.75, -7.2216, -7.2216, -7.2216, -7.2216, -7.2216, -7.2216, -7.2216, -7.2216, -7.2216, -7.2216, -7.2216, -7.2216, -7.2216, -7.2216, -7.2216
-15, -6.8644, -6.8644, -6.8644, -6.8644, -6.8644, -6.8644, -6.8644, -6.8644, -6.8644, -6.8644, -6.8644, -6.8644, -6.8644, -6.8644, -6.8644
-14.25, -6.5086, -6.5086, -6.5086, -6.5086, -6.5086, -6.5086, -6.5086, -6.5086, -6.5086, -6.5086, -6.5086, -6.5086, -6.5086, -6.5086, -6.5086
-13.5, -6.1543, -6.1543, -6.1543, -6.1543, -6.1543, -6.1543, -6.1543, -6.1543, -6.1543, -6.1543, -6.1543, -6.1543, -6.1543, -6.1543, -6.1543
-12.75, -5.8013, -5.8013, -5.8013, -5.8013, -5.8013, -5.8013, -5.8013, -5.8013, -5.8013, -5.8013, -5.8013, -5.8013, -5.8013, -5.8013, -5.8013
-12, -5.4498, -5.4498, -5.4498, -5.4498, -5.4498, -5.4498, -5.4498, -5.4498, -5.4498, -5.4498, -5.4498, -5.4498, -5.4498, -5.4498, -5.4498
-11.25, -5.0996, -5.0996, -5.0996, -5.0996, -5.0996, -5.0996, -5.0996, -5.0996, -5.0996, -5.0996, -5.0996, -5.0996, -5.0996, -5.0996, -5.0996
-10.5, -4.7508, -4.7508, -4.7508, -4.7508, -4.7508, -4.7508, -4.7508, -4.7508, -4.7508, -4.7508, -4.7508, -4.7508, -4.7508, -4.7508, -4.7508
-9.75, -4.4033, -4.4033, -4.4033, -4.4033, -4.4033, -4.4033, -4.4033, -4.4033, -4.4033, -4.4033, -4.4033, -4.4033, -4.4033, -4.4033, -4.4033
-9, -4.0571, -4.0571, -4.0571, -4.0571, -4.0571, -4.0571, -4.0571, -4.0571, -4.0571, -4.0571, -4.0571, -4.0571, -4.0571, -4.0571, -4.0571
-8.25, -3.7123, -3.7123, -3.7123, -3.7123, -3.7123, -3.7123, -3.7123, -3.7123, -3.7123, -3.7123, -3.7123, -3.7123, -3.7123, -3.7123, -3.7123
-7.5, -3.3687, -3.3687, -3.3687, -3.3687, -3.3687, -3.3687, -3.3687, -3.3687, -3.3687, -3.3687, -3.3687, -3.3687, -3.3687, -3.3687, -3.3687
-6.75, -3.0264, -3.0264, -3.0264, -3.0264, -3.0264, -3.0264, -3.0264, -3.0264, -3.0264, -3.0264, -3.0264, -3.0264, -3.0264, -3.0264, -3.0264
-6, -2.6854, -2.6854, -2.6854, -2.6854, -2.6854, -2.6854, -2.6854, -2.6854, -2.6854, -2.6854, -2.6854, -2.6854, -2.6854, -2.6854, -2.6854
-5.25, -2.3455, -2.3455, -2.3455, -2.3455, -2.3455, -2.3455, -2.3455, -2.3455, -2.3455, -2.3455, -2.3455, -2.3455, -2.3455, -2.3455, -2.3455
-4.5, -2.0069, -2.0069, -2.0069, -2.0069, -2.0069, -2.0069, -2.0069, -2.0069, -2.0069, -2.0069, -2.0069, -2.0069, -2.0069, -2.0069, -2.0069
-3.75, -1.6696, -1.6696, -1.6696, -1.6696, -1.6696, -1.6696, -1.6696, -1.6696, -1.6696, -1.6696, -1.6696, -1.6696, -1.6696, -1.6696, -1.6696
-3, -1.3333, -1.3333, -1.3333, -1.3333, -1.3333, -1.3333, -1.3333, -1.3333, -1.3333, -1.3333, -1.3333, -1.3333, -1.3333, -1.3333, -1.3333
-2.25, -0.99829, -0.99829, -0.99829, -0.99829, -0.99829, -0.99829, -0.99829, -0.99829, -0.99829, -0.99829, -0.99829, -0.99829, -0.99829, -0.99829, -0.99829
-1.5, -0.6644, -0.6644, -0.6644, -0.6644, -0.6644, -0.6644, -0.6644, -0.6644, -0.6644, -0.6644, -0.6644, -0.6644, -0.6644, -0.6644, -0.6644
-0.75, -0.33164, -0.33164, -0.33164, -0.33164, -0.33164, -0.33164, -0.33164, -0.33164, -0.33164, -0.33164, -0.33164, -0.33164, -0.33164, -0.33164, -0.33164
0, 0, 0, 0, 0, 0, 0, 0, 0, 0, 0, 0, 0, 0, 0, 0
0.75, 0.33054, 0.33054, 0.33054, 0.33054, 0.33054, 0.33054, 0.33054, 0.33054, 0.33054, 0.33054, 0.33054, 0.33054, 0.33054, 0.33054, 0.33054
1.5, 0.66, 0.66, 0.66, 0.66, 0.66, 0.66, 0.66, 0.66, 0.66, 0.66, 0.66, 0.66, 0.66, 0.66, 0.66
2.25, 0.98838, 0.98838, 0.98838, 0.98838, 0.98838, 0.98838, 0.98838, 0.98838, 0.98838, 0.98838, 0.98838, 0.98838, 0.98838, 0.98838, 0.98838
3, 1.3157, 1.3157, 1.3157, 1.3157, 1.3157, 1.3157, 1.3157, 1.3157, 1.3157, 1.3157, 1.3157, 1.3157, 1.3157, 1.3157, 1.3157
3.75, 1.642, 1.642, 1.642, 1.642, 1.642, 1.642, 1.642, 1.642, 1.642, 1.642, 1.642, 1.642, 1.642, 1.642, 1.642
4.5, 1.9673, 1.9673, 1.9673, 1.9673, 1.9673, 1.9673, 1.9673, 1.9673, 1.9673, 1.9673, 1.9673, 1.9673, 1.9673, 1.9673, 1.9673
5.25, 2.2916, 2.2916, 2.2916, 2.2916, 2.2916, 2.2916, 2.2916, 2.2916, 2.2916, 2.2916, 2.2916, 2.2916, 2.2916, 2.2916, 2.2916
6, 2.6149, 2.6149, 2.6149, 2.6149, 2.6149, 2.6149, 2.6149, 2.6149, 2.6149, 2.6149, 2.6149, 2.6149, 2.6149, 2.6149, 2.6149
6.75, 2.9372, 2.9372, 2.9372, 2.9372, 2.9372, 2.9372, 2.9372, 2.9372, 2.9372, 2.9372, 2.9372, 2.9372, 2.9372, 2.9372, 2.9372
7.5, 3.2586, 3.2586, 3.2586, 3.2586, 3.2586, 3.2586, 3.2586, 3.2586, 3.2586, 3.2586, 3.2586, 3.2586, 3.2586, 3.2586, 3.2586
8.25, 3.579, 3.579, 3.579, 3.579, 3.579, 3.579, 3.579, 3.579, 3.579, 3.579, 3.579, 3.579, 3.579, 3.579, 3.579
9, 3.8985, 3.8985, 3.8985, 3.8985, 3.8985, 3.8985, 3.8985, 3.8985, 3.8985, 3.8985, 3.8985, 3.8985, 3.8985, 3.8985, 3.8985
9.75, 4.2171, 4.2171, 4.2171, 4.2171, 4.2171, 4.2171, 4.2171, 4.2171, 4.2171, 4.2171, 4.2171, 4.2171, 4.2171, 4.2171, 4.2171
10.5, 4.5348, 4.5348, 4.5348, 4.5348, 4.5348, 4.5348, 4.5348, 4.5348, 4.5348, 4.5348, 4.5348, 4.5348, 4.5348, 4.5348, 4.5348
11.25, 4.8517, 4.8517, 4.8517, 4.8517, 4.8517, 4.8517, 4.8517, 4.8517, 4.8517, 4.8517, 4.8517, 4.8517, 4.8517, 4.8517, 4.8517
12, 5.1677, 5.1677, 5.1677, 5.1677, 5.1677, 5.1677, 5.1677, 5.1677, 5.1677, 5.1677, 5.1677, 5.1677, 5.1677, 5.1677, 5.1677
12.75, 5.4828, 5.4828, 5.4828, 5.4828, 5.4828, 5.4828, 5.4828, 5.4828, 5.4828, 5.4828, 5.4828, 5.4828, 5.4828, 5.4828, 5.4828
13.5, 5.7971, 5.7971, 5.7971, 5.7971, 5.7971, 5.7971, 5.7971, 5.7971, 5.7971, 5.7971, 5.7971, 5.7971, 5.7971, 5.7971, 5.7971
14.25, 6.1107, 6.1107, 6.1107, 6.1107, 6.1107, 6.1107, 6.1107, 6.1107, 6.1107, 6.1107, 6.1107, 6.1107, 6.1107, 6.1107, 6.1107
15, 6.4234, 6.4234, 6.4234, 6.4234, 6.4234, 6.4234, 6.4234, 6.4234, 6.4234, 6.4234, 6.4234, 6.4234, 6.4234, 6.4234, 6.4234
15.75, 6.7353, 6.7353, 6.7353, 6.7353, 6.7353, 6.7353, 6.7353, 6.7353, 6.7353, 6.7353, 6.7353, 6.7353, 6.7353, 6.7353, 6.7353
16.5, 7.0465, 7.0465, 7.0465, 7.0465, 7.0465, 7.0465, 7.0465, 7.0465, 7.0465, 7.0465, 7.0465, 7.0465, 7.0465, 7.0465, 7.0465
17.25, 7.357, 7.357, 7.357, 7.357, 7.357, 7.357, 7.357, 7.357, 7.357, 7.357, 7.357, 7.357, 7.357, 7.357, 7.357
18, 7.6667, 7.6667, 7.6667, 7.6667, 7.6667, 7.6667, 7.6667, 7.6667, 7.6667, 7.6667, 7.6667, 7.6667, 7.6667, 7.6667, 7.6667
18.75, 7.9757, 7.9757, 7.9757, 7.9757, 7.9757, 7.9757, 7.9757, 7.9757, 7.9757, 7.9757, 7.9757, 7.9757, 7.9757, 7.9757, 7.9757
19.5, 8.284, 8.284, 8.284, 8.284, 8.284, 8.284, 8.284, 8.284, 8.284, 8.284, 8.284, 8.284, 8.284, 8.284, 8.284
20.25, 8.5917, 8.5917, 8.5917, 8.5917, 8.5917, 8.5917, 8.5917, 8.5917, 8.5917, 8.5917, 8.5917, 8.5917, 8.5917, 8.5917, 8.5917
21, 8.8987, 8.8987, 8.8987, 8.8987, 8.8987, 8.8987, 8.8987, 8.8987, 8.8987, 8.8987, 8.8987, 8.8987, 8.8987, 8.8987, 8.8987
21.75, 9.205, 9.205, 9.205, 9.205, 9.205, 9.205, 9.205, 9.205, 9.205, 9.205, 9.205, 9.205, 9.205, 9.205, 9.205
22.5, 9.5107, 9.5107, 9.5107, 9.5107, 9.5107, 9.5107, 9.5107, 9.5107, 9.5107, 9.5107, 9.5107, 9.5107, 9.5107, 9.5107, 9.5107
23.25, 9.8158, 9.8158, 9.8158, 9.8158, 9.8158, 9.8158, 9.8158, 9.8158, 9.8158, 9.8158, 9.8158, 9.8158, 9.8158, 9.8158, 9.8158
24, 10.12, 10.12, 10.12, 10.12, 10.12, 10.12, 10.12, 10.12, 10.12, 10.12, 10.12, 10.12, 10.12, 10.12, 10.12
24.75, 10.424, 10.424, 10.424, 10.424, 10.424, 10.424, 10.424, 10.424, 10.424, 10.424, 10.424, 10.424, 10.424, 10.424, 10.424
25.5, 10.728, 10.728, 10.728, 10.728, 10.728, 10.728, 10.728, 10.728, 10.728, 10.728, 10.728, 10.728, 10.728, 10.728, 10.728
26.25, 11.03, 11.03, 11.03, 11.03, 11.03, 11.03, 11.03, 11.03, 11.03, 11.03, 11.03, 11.03, 11.03, 11.03, 11.03
27, 11.333, 11.333, 11.333, 11.333, 11.333, 11.333, 11.333, 11.333, 11.333, 11.333, 11.333, 11.333, 11.333, 11.333, 11.333
27.75, 11.635, 11.635, 11.635, 11.635, 11.635, 11.635, 11.635, 11.635, 11.635, 11.635, 11.635, 11.635, 11.635, 11.635, 11.635
28.5, 11.936, 11.936, 11.936, 11.936, 11.936, 11.936, 11.936, 11.936, 11.936, 11.936, 11.936, 11.936, 11.936, 11.936, 11.936
29.25, 12.237, 12.237, 12.237, 12.237, 12.237, 12.237, 12.237, 12.237, 12.237, 12.237, 12.237, 12.237, 12.237, 12.237, 12.237
30, 12.537, 12.537, 12.537, 12.537, 12.537, 12.537, 12.537, 12.537, 12.537, 12.537, 12.537, 12.537, 12.537, 12.537, 12.537
30.75, 12.837, 12.837, 12.837, 12.837, 12.837, 12.837, 12.837, 12.837, 12.837, 12.837, 12.837, 12.837, 12.837, 12.837, 12.837
31.5, 13.136, 13.136, 13.136, 13.136, 13.136, 13.136, 13.136, 13.136, 13.136, 13.136, 13.136, 13.136, 13.136, 13.136, 13.136
32.25, 13.435, 13.435, 13.435, 13.435, 13.435, 13.435, 13.435, 13.435, 13.435, 13.435, 13.435, 13.435, 13.435, 13.435, 13.435
33, 13.734, 13.734, 13.734, 13.734, 13.734, 13.734, 13.734, 13.734, 13.734, 13.734, 13.734, 13.734, 13.734, 13.734, 13.734
33.75, 14.032, 14.032, 14.032, 14.032, 14.032, 14.032, 14.032, 14.032, 14.032, 14.032, 14.032, 14.032, 14.032, 14.032, 14.032
34.5, 14.33, 14.33, 14.33, 14.33, 14.33, 14.33, 14.33, 14.33, 14.33, 14.33, 14.33, 14.33, 14.33, 14.33, 14.33
35.25, 14.628, 14.628, 14.628, 14.628, 14.628, 14.628, 14.628, 14.628, 14.628, 14.628, 14.628, 14.628, 14.628, 14.628, 14.628
36, 14.925, 14.925, 14.925, 14.925, 14.925, 14.925, 14.925, 14.925, 14.925, 14.925, 14.925, 14.925, 14.925, 14.925, 14.925
36.75, 15.222, 15.222, 15.222, 15.222, 15.222, 15.222, 15.222, 15.222, 15.222, 15.222, 15.222, 15.222, 15.222, 15.222, 15.222
37.5, 15.519, 15.519, 15.519, 15.519, 15.519, 15.519, 15.519, 15.519, 15.519, 15.519, 15.519, 15.519, 15.519, 15.519, 15.519
38.25, 15.815, 15.815, 15.815, 15.815, 15.815, 15.815, 15.815, 15.815, 15.815, 15.815, 15.815, 15.815, 15.815, 15.815, 15.815
39, 16.112, 16.112, 16.112, 16.112, 16.112, 16.112, 16.112, 16.112, 16.112, 16.112, 16.112, 16.112, 16.112, 16.112, 16.112
39.75, 16.408, 16.408, 16.408, 16.408, 16.408, 16.408, 16.408, 16.408, 16.408, 16.408, 16.408, 16.408, 16.408, 16.408, 16.408
40.5, 16.703, 16.703, 16.703, 16.703, 16.703, 16.703, 16.703, 16.703, 16.703, 16.703, 16.703, 16.703, 16.703, 16.703, 16.703
41.25, 16.999, 16.999, 16.999, 16.999, 16.999, 16.999, 16.999, 16.999, 16.999, 16.999, 16.999, 16.999, 16.999, 16.999, 16.999
42, 17.294, 17.294, 17.294, 17.294, 17.294, 17.294, 17.294, 17.294, 17.294, 17.294, 17.294, 17.294, 17.294, 17.294, 17.294
42.75, 17.59, 17.59, 17.59, 17.59, 17.59, 17.59, 17.59, 17.59, 17.59, 17.59, 17.59, 17.59, 17.59, 17.59, 17.59
43.5, 17.885, 17.885, 17.885, 17.885, 17.885, 17.885, 17.885, 17.885, 17.885, 17.885, 17.885, 17.885, 17.885, 17.885, 17.885
44.25, 18.18, 18.18, 18.18, 18.18, 18.18, 18.18, 18.18, 18.18, 18.18, 18.18, 18.18, 18.18, 18.18, 18.18, 18.18
45, 18.474, 18.474, 18.474, 18.474, 18.474, 18.474, 18.474, 18.474, 18.474, 18.474, 18.474, 18.474, 18.474, 18.474, 18.474
45.75, 18.769, 18.769, 18.769, 18.769, 18.769, 18.769, 18.769, 18.769, 18.769, 18.769, 18.769, 18.769, 18.769, 18.769, 18.769
46.5, 19.064, 19.064, 19.064, 19.064, 19.064, 19.064, 19.064, 19.064, 19.064, 19.064, 19.064, 19.064, 19.064, 19.064, 19.064
47.25, 19.359, 19.359, 19.359, 19.359, 19.359, 19.359, 19.359, 19.359, 19.359, 19.359, 19.359, 19.359, 19.359, 19.359, 19.359
48, 19.654, 19.654, 19.654, 19.654, 19.654, 19.654, 19.654, 19.654, 19.654, 19.654, 19.654, 19.654, 19.654, 19.654, 19.654
48.75, 19.948, 19.948, 19.948, 19.948, 19.948, 19.948, 19.948, 19.948, 19.948, 19.948, 19.948, 19.948, 19.948, 19.948, 19.948
49.5, 20.243, 20.243, 20.243, 20.243, 20.243, 20.243, 20.243, 20.243, 20.243, 20.243, 20.243, 20.243, 20.243, 20.243, 20.243
50.25, 20.538, 20.538, 20.538, 20.538, 20.538, 20.538, 20.538, 20.538, 20.538, 20.538, 20.538, 20.538, 20.538, 20.538, 20.538
51, 20.833, 20.833, 20.833, 20.833, 20.833, 20.833, 20.833, 20.833, 20.833, 20.833, 20.833, 20.833, 20.833, 20.833, 20.833
51.75, 21.128, 21.128, 21.128, 21.128, 21.128, 21.128, 21.128, 21.128, 21.128, 21.128, 21.128, 21.128, 21.128, 21.128, 21.128
52.5, 21.423, 21.423, 21.423, 21.423, 21.423, 21.423, 21.423, 21.423, 21.423, 21.423, 21.423, 21.423, 21.423, 21.423, 21.423
53.25, 21.718, 21.718, 21.718, 21.718, 21.718, 21.718, 21.718, 21.718, 21.718, 21.718, 21.718, 21.718, 21.718, 21.718, 21.718
54, 22.014, 22.014, 22.014, 22.014, 22.014, 22.014, 22.014, 22.014, 22.014, 22.014, 22.014, 22.014, 22.014, 22.014, 22.014
54.75, 22.309, 22.309, 22.309, 22.309, 22.309, 22.309, 22.309, 22.309, 22.309, 22.309, 22.309, 22.309, 22.309, 22.309, 22.309
55.5, 22.605, 22.605, 22.605, 22.605, 22.605, 22.605, 22.605, 22.605, 22.605, 22.605, 22.605, 22.605, 22.605, 22.605, 22.605
56.25, 22.901, 22.901, 22.901, 22.901, 22.901, 22.901, 22.901, 22.901, 22.901, 22.901, 22.901, 22.901, 22.901, 22.901, 22.901
57, 23.197, 23.197, 23.197, 23.197, 23.197, 23.197, 23.197, 23.197, 23.197, 23.197, 23.197, 23.197, 23.197, 23.197, 23.197
57.75, 23.494, 23.494, 23.494, 23.494, 23.494, 23.494, 23.494, 23.494, 23.494, 23.494, 23.494, 23.494, 23.494, 23.494, 23.494
58.5, 23.791, 23.791, 23.791, 23.791, 23.791, 23.791, 23.791, 23.791, 23.791, 23.791, 23.791, 23.791, 23.791, 23.791, 23.791
59.25, 24.088, 24.088, 24.088, 24.088, 24.088, 24.088, 24.088, 24.088, 24.088, 24.088, 24.088, 24.088, 24.088, 24.088, 24.088
60, 24.386, 24.386, 24.386, 24.386, 24.386, 24.386, 24.386, 24.386, 24.386, 24.386, 24.386, 24.386, 24.386, 24.386, 24.386
60.75, 24.684, 24.684, 24.684, 24.684, 24.684, 24.684, 24.684, 24.684, 24.684, 24.684, 24.684, 24.684, 24.684, 24.684, 24.684
61.5, 24.982, 24.982, 24.982, 24.982, 24.982, 24.982, 24.982, 24.982, 24.982, 24.982, 24.982, 24.982, 24.982, 24.982, 24.982
62.25, 25.281, 25.281, 25.281, 25.281, 25.281, 25.281, 25.281, 25.281, 25.281, 25.281, 25.281, 25.281, 25.281, 25.281, 25.281
63, 25.581, 25.581, 25.581, 25.581, 25.581, 25.581, 25.581, 25.581, 25.581, 25.581, 25.581, 25.581, 25.581, 25.581, 25.581
63.75, 25.88, 25.88, 25.88, 25.88, 25.88, 25.88, 25.88, 25.88, 25.88, 25.88, 25.88, 25.88, 25.88, 25.88, 25.88
64.5, 26.181, 26.181, 26.181, 26.181, 26.181, 26.181, 26.181, 26.181, 26.181, 26.181, 26.181, 26.181, 26.181, 26.181, 26.181
65.25, 26.482, 26.482, 26.482, 26.482, 26.482, 26.482, 26.482, 26.482, 26.482, 26.482, 26.482, 26.482, 26.482, 26.482, 26.482
66, 26.784, 26.784, 26.784, 26.784, 26.784, 26.784, 26.784, 26.784, 26.784, 26.784, 26.784, 26.784, 26.784, 26.784, 26.784
66.75, 27.086, 27.086, 27.086, 27.086, 27.086, 27.086, 27.086, 27.086, 27.086, 27.086, 27.086, 27.086, 27.086, 27.086, 27.086
67.5, 27.389, 27.389, 27.389, 27.389, 27.389, 27.389, 27.389, 27.389, 27.389, 27.389, 27.389, 27.389, 27.389, 27.389, 27.389
68.25, 27.692, 27.692, 27.692, 27.692, 27.692, 27.692, 27.692, 27.692, 27.692, 27.692, 27.692, 27.692, 27.692, 27.692, 27.692
69, 27.997, 27.997, 27.997, 27.997, 27.997, 27.997, 27.997, 27.997, 27.997, 27.997, 27.997, 27.997, 27.997, 27.997, 27.997
69.75, 28.302, 28.302, 28.302, 28.302, 28.302, 28.302, 28.302, 28.302, 28.302, 28.302, 28.302, 28.302, 28.302, 28.302, 28.302
70.5, 28.608, 28.608, 28.608, 28.608, 28.608, 28.608, 28.608, 28.608, 28.608, 28.608, 28.608, 28.608, 28.608, 28.608, 28.608
71.25, 28.915, 28.915, 28.915, 28.915, 28.915, 28.915, 28.915, 28.915, 28.915, 28.915, 28.915, 28.915, 28.915, 28.915, 28.915
72, 29.223, 29.223, 29.223, 29.223, 29.223, 29.223, 29.223, 29.223, 29.223, 29.223, 29.223, 29.223, 29.223, 29.223, 29.223
72.75, 29.531, 29.531, 29.531, 29.531, 29.531, 29.531, 29.531, 29.531, 29.531, 29.531, 29.531, 29.531, 29.531, 29.531, 29.531
73.5, 29.841, 29.841, 29.841, 29.841, 29.841, 29.841, 29.841, 29.841, 29.841, 29.841, 29.841, 29.841, 29.841, 29.841, 29.841
74.25, 30.152, 30.152, 30.152, 30.152, 30.152, 30.152, 30.152, 30.152, 30.152, 30.152, 30.152, 30.152, 30.152, 30.152, 30.152
75, 30.463, 30.463, 30.463, 30.463, 30.463, 30.463, 30.463, 30.463, 30.463, 30.463, 30.463, 30.463, 30.463, 30.463, 30.463
ENDTABLE

#RadioCtrl0 0    
#RadioCtrl1 0    

*KEYWORD steer_2d
*X_LABEL y_rack1
*Y_LABEL Road wheel steer
*X_LABEL_2 jnc_r1


#EMBEDDED_NOTES
#This dataset duplicates the C-Class Hatchback road wheel steering kinematics, so the results can be overlaid to demonstrate validity of the method.
#
#Note that the steer angle here is the incremental steer contributed by the steering system. It does not include passive steer effects like ride toe.
#END_EMBEDDED_NOTES

LOG_ENTRY Used Dataset: Generic Table; { 2D Steer } Steer Linkage Kinematics - RH (Base)
#Library : Generic Table
#DataSet : Steer Linkage Kinematics - RH (Base)
#Category: 2D Steer
#FileID  : GenTab_3533e0cf-aa42-4c4b-bd88-f66a8eca9432
#Product : CarSim 2020.0
#VehCode table

END
