PARSFILE
#FullDataName Road: Friction Map, Variable Width`Highway Merge Lane`
#RingCtrl0 2D_STEP
*3D_DATA 23, 2 ! columns x rows
MU_ROAD_CARPET VAR_WIDTH_STEP
0, 1, 2, 3, 4, 5, 6, 7, 8, 9, 10, 11, 12, 13, 14, 15, 16, 17, 18, 19, 20, 21, 22, 23
0, 1, 1, 0.75, 0.65, 0.65, 0.75, 0.9, 0.9, 0.9, 0.75, 0.65, 0.65, 0.65, 0.75, 0.9, 0.9, 0.9, 0.75, 0.65, 0.65, 0.65, 1, 1
1000, 1, 1, 0.75, 0.65, 0.65, 0.75, 0.9, 0.9, 0.9, 0.75, 0.65, 0.65, 0.65, 0.75, 0.9, 0.9, 0.9, 0.75, 0.65, 0.65, 0.65, 1, 1
ENDDATA
0, 1, 2, 3, 4, 5, 6, 7, 8, 9, 10, 11, 12, 13, 14, 15, 16, 17, 18, 19, 20, 21, 22, 23
0, -50, 2, 2.5, 5, 7.5, 10, 11, 15, 19, 20, 22.5, 25, 27.5, 33.9, 34.9, 35, 39, 40, 42.5, 45, 47.5, 80, 100
100, -50, 2, 2.5, 5, 7.5, 10, 11, 15, 19, 20, 22.5, 25, 27.5, 33.9, 34.9, 35, 39, 40, 42.5, 45, 47.5, 80, 100
150, -50, 2, 2.5, 5, 7.5, 10, 11, 15, 19, 20, 22.5, 25, 27.5, 33.9, 34.9, 35, 39, 40, 42.5, 45, 47.5, 80, 100
200, -50, 2, 2.5, 5, 7.5, 10, 11, 15, 19, 20, 22.5, 25, 27.5, 33.9, 34.9, 35, 39, 40, 42.5, 45, 47.5, 80, 100
600, -50, 2, 2.5, 5, 7.5, 10, 11, 15, 19, 20, 22.5, 25, 27.5, 30, 31, 35, 39, 40, 42.5, 45, 47.5, 80, 100
1000, -50, 2, 2.5, 5, 7.5, 10, 11, 15, 19, 20, 22.5, 25, 27.5, 30, 31, 35, 39, 40, 42.5, 45, 47.5, 80, 100
ENDCOLS
ENDTABLE
*3D_XLabel Lateral coordinate (m)
*3D_YLabel Station (m)
*3D_ZLabel Friction coefficient (-)

#DiagramTwo0
*3D_DATA 23, 2 ! columns x rows
RdTb1_CARPET 2D_STEP
0, 1, 2, 3, 4, 5, 6, 7, 8, 9, 10, 11, 12, 13, 14, 15, 16, 17, 18, 19, 20, 21, 22, 23
0, 1, 1, 0.75, 0.65, 0.65, 0.75, 0.9, 0.9, 0.9, 0.75, 0.65, 0.65, 0.65, 0.75, 0.9, 0.9, 0.9, 0.75, 0.65, 0.65, 0.65, 1, 1
1000, 1, 1, 0.75, 0.65, 0.65, 0.75, 0.9, 0.9, 0.9, 0.75, 0.65, 0.65, 0.65, 0.75, 0.9, 0.9, 0.9, 0.75, 0.65, 0.65, 0.65, 1, 1
ENDTABLE

*3D_XLabel Lateral coordinate (m)
*3D_YLabel Station (m)
*3D_ZLabel Lateral coordinate of edge (m)

#DiagramTwo1
*3D_DATA 23, 6 ! columns x rows
RdTb2_CARPET 2D_LINEAR
0, 1, 2, 3, 4, 5, 6, 7, 8, 9, 10, 11, 12, 13, 14, 15, 16, 17, 18, 19, 20, 21, 22, 23
0, -50, 2, 2.5, 5, 7.5, 10, 11, 15, 19, 20, 22.5, 25, 27.5, 33.9, 34.9, 35, 39, 40, 42.5, 45, 47.5, 80, 100
100, -50, 2, 2.5, 5, 7.5, 10, 11, 15, 19, 20, 22.5, 25, 27.5, 33.9, 34.9, 35, 39, 40, 42.5, 45, 47.5, 80, 100
150, -50, 2, 2.5, 5, 7.5, 10, 11, 15, 19, 20, 22.5, 25, 27.5, 33.9, 34.9, 35, 39, 40, 42.5, 45, 47.5, 80, 100
200, -50, 2, 2.5, 5, 7.5, 10, 11, 15, 19, 20, 22.5, 25, 27.5, 33.9, 34.9, 35, 39, 40, 42.5, 45, 47.5, 80, 100
600, -50, 2, 2.5, 5, 7.5, 10, 11, 15, 19, 20, 22.5, 25, 27.5, 30, 31, 35, 39, 40, 42.5, 45, 47.5, 80, 100
1000, -50, 2, 2.5, 5, 7.5, 10, 11, 15, 19, 20, 22.5, 25, 27.5, 30, 31, 35, 39, 40, 42.5, 45, 47.5, 80, 100
ENDTABLE

#RadioCtrl0 0    
#RadioCtrl1 0    



LOG_ENTRY Used Dataset: Road: Friction Map, Variable Width; Highway Merge Lane
#Library : Road: Friction Map, Variable Width
#DataSet : Highway Merge Lane
#Category: 
#FileID  : VarWidMu_ba8d0e86-1d71-4f6a-8000-d0e2cf9a8726
#Product : CarSim 2020.0
#VehCode Mu via S-L, Variable Width

END
