PARSFILE
#FullDataName Tire: Aligning Moment`Normalized`Normalized Tires
#CheckBox0 1    

#MiscYellow0
mz_tire_gain = FZ_REF
fz_scale_mz_tire = FZ_REF
#ENDMYellow

#RingCtrl0 CARPET_FROM_ZERO
#RadioCtrl0 0    
#RadioCtrl1 0    

*3D_XLabel Vertical load (N)
*3D_YLabel Abs. slip angle [Alpha] (deg)
*3D_ZLabel Aligning moment (N-m)

#DiagramTwo0
*3D_DATA 8, 51 ! columns x rows
MZ_TIRE_CARPET 2D_FROM_ZERO
0, 0.25, 0.5, 0.75, 1, 1.25, 1.5, 1.75, 2
0.5, 0.006276, 0.01224, 0.01782, 0.02296, 0.02762, 0.03177, 0.0354, 0.03847
1, 0.008106, 0.01597, 0.02354, 0.03079, 0.03767, 0.04414, 0.05016, 0.05567
1.5, 0.006693, 0.0133, 0.01983, 0.02629, 0.03268, 0.03898, 0.04518, 0.05124
2, 0.004969, 0.009921, 0.01489, 0.0199, 0.02497, 0.03012, 0.03534, 0.04066
2.5, 0.003669, 0.007348, 0.01107, 0.01487, 0.01877, 0.02279, 0.02695, 0.03128
3, 0.002751, 0.005523, 0.008349, 0.01126, 0.01427, 0.01741, 0.0207, 0.02417
3.5, 0.002093, 0.004212, 0.006387, 0.008642, 0.011, 0.01348, 0.0161, 0.0189
4, 0.001607, 0.003245, 0.004935, 0.006702, 0.008566, 0.01055, 0.01266, 0.01494
4.5, 0.001238, 0.002507, 0.003829, 0.005223, 0.00671, 0.008306, 0.01003, 0.0119
5, 0.0009493, 0.00193, 0.002963, 0.004066, 0.005254, 0.006548, 0.007961, 0.009511
5.5, 0.0007175, 0.001467, 0.002269, 0.003137, 0.00409, 0.005139, 0.006302, 0.007594
6, 0.0005284, 0.00109, 0.001702, 0.002379, 0.003137, 0.003986, 0.004945, 0.006026
6.5, 0.0003727, 0.0007768, 0.001231, 0.00175, 0.002345, 0.003029, 0.003817, 0.004722
7, 0.0002392, 0.0005117, 0.0008343, 0.001218, 0.001678, 0.002225, 0.002868, 0.003625
7.5, 0.0001261, 0.0002855, 0.000495, 0.0007657, 0.001109, 0.001537, 0.002058, 0.002686
8, 2.781e-05, 9.085e-05, 0.0002021, 0.0003745, 0.0006174, 0.0009418, 0.001359, 0.001878
8.5, -5.562e-05, -7.787e-05, -5.191e-05, 3.337e-05, 0.000191, 0.0004264, 0.0007509, 0.001175
9, -0.0001316, -0.000228, -0.0002763, -0.0002651, -0.0001854, -2.781e-05, 0.0002151, 0.0005581
9.5, -0.0001965, -0.0003597, -0.0004746, -0.0005303, -0.0005191, -0.0004301, -0.0002577, 1.112e-05
10, -0.0002559, -0.0004783, -0.0006508, -0.0007657, -0.0008158, -0.000788, -0.0006786, -0.0004765
10.5, -0.0003096, -0.000584, -0.0008102, -0.0009789, -0.001081, -0.001109, -0.001057, -0.0009122
11, -0.0003578, -0.0006786, -0.000953, -0.00117, -0.00132, -0.0014, -0.001396, -0.001305
11.5, -0.0004005, -0.0007657, -0.001083, -0.001342, -0.001537, -0.001661, -0.001706, -0.001663
12, -0.0004394, -0.0008436, -0.0012, -0.0015, -0.001735, -0.0019, -0.001986, -0.001986
12.5, -0.0004765, -0.0009159, -0.001307, -0.001643, -0.001915, -0.002117, -0.002242, -0.002282
13, -0.000508, -0.0009808, -0.001407, -0.001776, -0.002082, -0.002318, -0.002477, -0.002553
13.5, -0.0005395, -0.001042, -0.001498, -0.001897, -0.002234, -0.002501, -0.002694, -0.002803
14, -0.0005673, -0.001098, -0.001581, -0.00201, -0.002375, -0.002672, -0.002894, -0.003033
14.5, -0.0005933, -0.001149, -0.001659, -0.002114, -0.002505, -0.002829, -0.00308, -0.003248
15, -0.0006174, -0.001198, -0.001732, -0.00221, -0.002627, -0.002976, -0.00325, -0.003447
15.5, -0.0006396, -0.001244, -0.001798, -0.002299, -0.002738, -0.003111, -0.00341, -0.00363
16, -0.0006619, -0.001285, -0.001861, -0.002384, -0.002844, -0.003239, -0.00356, -0.003803
16.5, -0.0006804, -0.001324, -0.001921, -0.002462, -0.002942, -0.003358, -0.003699, -0.003964
17, -0.000699, -0.001361, -0.001976, -0.002536, -0.003035, -0.003469, -0.00383, -0.004114
17.5, -0.0007175, -0.001396, -0.002028, -0.002605, -0.003122, -0.003575, -0.003953, -0.004257
18, -0.0007323, -0.001429, -0.002077, -0.00267, -0.003204, -0.003673, -0.00407, -0.00439
18.5, -0.000749, -0.001459, -0.002123, -0.002733, -0.003282, -0.003766, -0.004179, -0.004516
19, -0.0007639, -0.001489, -0.002167, -0.00279, -0.003354, -0.003853, -0.004281, -0.004635
19.5, -0.0007768, -0.001517, -0.002208, -0.002846, -0.003423, -0.003936, -0.004379, -0.004748
20, -0.0007898, -0.001543, -0.002247, -0.002898, -0.003487, -0.004014, -0.004472, -0.004854
20.5, -0.0008028, -0.001567, -0.002284, -0.002946, -0.00355, -0.00409, -0.004559, -0.004954
21, -0.0008139, -0.001591, -0.002319, -0.002994, -0.00361, -0.00416, -0.004642, -0.00505
21.5, -0.000825, -0.001613, -0.002353, -0.003039, -0.003665, -0.004227, -0.004722, -0.005141
22, -0.0008362, -0.001633, -0.002384, -0.003081, -0.003717, -0.004292, -0.004796, -0.005228
22.5, -0.0008454, -0.001654, -0.002414, -0.00312, -0.003769, -0.004353, -0.004869, -0.005312
23, -0.0008566, -0.001674, -0.002444, -0.003159, -0.003817, -0.004411, -0.004937, -0.00539
23.5, -0.0008658, -0.001693, -0.002471, -0.003196, -0.003864, -0.004466, -0.005002, -0.005466
24, -0.0008732, -0.001709, -0.002497, -0.003232, -0.003908, -0.00452, -0.005065, -0.005538
24.5, -0.0008825, -0.001726, -0.002523, -0.003267, -0.003951, -0.004572, -0.005125, -0.005607
25, -0.0008899, -0.001743, -0.002547, -0.003298, -0.003992, -0.00462, -0.005182, -0.005673
26, -0.0008899, -0.001743, -0.002547, -0.003298, -0.003992, -0.00462, -0.005182, -0.005673
ENDTABLE



#EMBEDDED_NOTES
#This normalized data was made by taking the table for the 205/55 R18 and dividing by the load rating of 5394 N (550 kg) for both Mz and Fz.
#
#The table is scaled using the built-in tire reference force FZ_REF.
#END_EMBEDDED_NOTES

LOG_ENTRY Used Dataset: Tire: Aligning Moment; { Normalized Tires } Normalized
#Library : Tire: Aligning Moment
#DataSet : Normalized
#Category: Normalized Tires
#FileID  : TireMz_8710db58-1999-4bfa-b2d0-009ed3e16885
#Product : CarSim 2020.0
#VehCode Tire: Mz

END
