PARSFILE
#FullDataName Tire: Aligning Moment`MF-Tyre Asymmetric`MF-Tyre Example
#CheckBox0 0    

#RingCtrl0 2D_SPLINE
#RadioCtrl0 0    
#RadioCtrl1 0    

*3D_XLabel Vertical load (N)
*3D_YLabel Slip angle [Alpha] (deg)
*3D_ZLabel Aligning moment (N-m)

#DiagramTwo0
*3D_DATA 4, 41 ! columns x rows
MZ_TIRE_CARPET 2D_SPLINE
0, 0, 2000, 4000, 6000
-10, 0, 4.9233, 10.8837, 5.88784
-9.5, 0, 4.31907, 8.13074, -0.811454
-9, 0, 3.63193, 5.03909, -8.19557
-8.5, 0, 2.8491, 1.56649, -16.3094
-8, 0, 1.95616, -2.33055, -25.1811
-7.5, 0, 0.937284, -6.69312, -34.809
-7, 0, -0.223867, -11.5533, -45.1424
-6.5, 0, -1.54247, -16.9234, -56.0563
-6, 0, -3.02921, -22.7783, -67.3182
-5.5, 0, -4.68441, -29.0296, -78.5507
-5, 0, -6.48836, -35.4901, -89.1959
-4.5, 0, -8.46598, -42.0835, -98.835
-4, 0, -10.4536, -48.0544, -106.027
-3.5, 0, -12.1744, -52.3946, -109.311
-3, 0, -13.34, -54.2325, -107.723
-2.5, 0, -13.6325, -52.8093, -100.674
-2, 0, -12.7927, -47.7178, -88.1432
-1.5, 0, -10.7227, -39.0737, -70.727
-1, 0, -7.54323, -27.5188, -49.5496
-0.5, 0, -3.56578, -14.0545, -26.0554
0, 0, 0.794939, 0.184769, -1.78402
0.5, 0, 5.17557, 14.317, 22.1617
1, 0, 9.20455, 27.4485, 44.6642
1.5, 0, 12.4393, 38.4494, 64.2312
2, 0, 14.5153, 46.341, 79.553
2.5, 0, 15.2493, 50.5104, 89.7046
3, 0, 14.7049, 50.8869, 94.3187
3.5, 0, 13.1604, 47.9494, 93.6423
4, 0, 10.992, 42.5467, 88.4389
4.5, 0, 8.55295, 35.6335, 79.782
5, 0, 6.1792, 28.2942, 69.1874
5.5, 0, 4.05784, 21.2976, 58.0363
6, 0, 2.1491, 14.6753, 46.6351
6.5, 0, 0.466732, 8.59221, 35.4705
7, 0, -0.998599, 3.11059, 24.8527
7.5, 0, -2.26694, -1.7697, 14.9572
8, 0, -3.3619, -6.08307, 5.86321
8.5, 0, -4.30689, -9.88, -2.41386
9, 0, -5.12336, -13.2162, -9.8986
9.5, 0, -5.83019, -16.1465, -16.6383
10, 0, -6.44361, -18.7219, -22.6914
ENDTABLE



LOG_ENTRY Used Dataset: Tire: Aligning Moment; { MF-Tyre Example } MF-Tyre Asymmetric
#Library : Tire: Aligning Moment
#DataSet : MF-Tyre Asymmetric
#Category: MF-Tyre Example
#FileID  : TireMz_e6d5d369-8847-4c17-840f-31d0562c53fe
#Product : CarSim 2020.0
#VehCode Tire: Mz

END
