PARSFILE
#FullDataName Tire: Aligning Moment`265/70 R17`Touring Tires
#CheckBox0 0    

#RingCtrl0 CARPET_FROM_ZERO
#RadioCtrl0 0    
#RadioCtrl1 0    

*3D_XLabel Vertical load (N)
*3D_YLabel Abs. slip angle [Alpha] (deg)
*3D_ZLabel Aligning moment (N-m)

#DiagramTwo0
*3D_DATA 8, 50 ! columns x rows
MZ_TIRE_CARPET 2D_FROM_ZERO
0, 2819.41, 5638.82, 8458.24, 11277.65, 14097.06, 16916.47, 19735.88, 22555.3
0.5, 11.93, 23.3, 34.03, 44.06, 53.38, 61.96, 69.8, 76.9
1, 24.28, 47.41, 69.21, 89.59, 108.5, 125.91, 141.79, 156.13
1.5, 36.4, 71.17, 104.04, 134.87, 163.55, 190.02, 214.22, 236.12
2, 46.21, 90.73, 133.24, 173.51, 211.37, 246.66, 279.26, 309.06
2.5, 51.32, 101.5, 150.21, 197.19, 242.19, 284.95, 325.22, 362.76
3, 51.01, 101.76, 152.07, 201.69, 250.36, 297.78, 343.61, 387.51
3.5, 46.65, 93.88, 141.67, 189.88, 238.34, 286.79, 334.93, 382.41
4, 40.37, 81.87, 124.62, 168.62, 213.82, 260.09, 307.24, 355.03
4.5, 33.79, 68.96, 105.74, 144.24, 184.52, 226.56, 270.33, 315.72
5, 27.73, 56.92, 87.83, 120.63, 155.47, 192.43, 231.59, 272.96
5.5, 22.5, 46.41, 72.01, 99.52, 129.11, 160.94, 195.14, 231.83
6, 18.09, 37.51, 58.53, 81.37, 106.23, 133.29, 162.72, 194.72
6.5, 14.42, 30.07, 47.2, 66.03, 86.76, 109.58, 134.69, 162.3
7, 11.37, 23.86, 37.72, 53.15, 70.33, 89.47, 110.77, 134.43
7.5, 8.82, 18.67, 29.77, 42.32, 56.49, 72.46, 90.44, 110.63
8, 6.68, 14.31, 23.08, 33.18, 44.78, 58.04, 73.16, 90.33
8.5, 4.87, 10.61, 17.41, 25.43, 34.83, 45.76, 58.41, 72.97
9, 3.33, 7.46, 12.57, 18.81, 26.32, 35.25, 45.77, 58.06
9.5, 2.01, 4.75, 8.41, 13.12, 19, 26.2, 34.88, 45.19
10, 0.86, 2.41, 4.81, 8.19, 12.66, 18.36, 25.43, 34.03
10.5, -0.14, 0.37, 1.67, 3.89, 7.13, 11.52, 17.19, 24.28
11, -1.02, -1.42, -1.08, 0.12, 2.28, 5.52, 9.95, 15.72
11.5, -1.79, -3, -3.51, -3.2, -2, 0.23, 3.57, 8.17
12, -2.48, -4.4, -5.66, -6.15, -5.79, -4.47, -2.09, 1.47
12.5, -3.09, -5.65, -7.58, -8.79, -9.18, -8.66, -7.14, -4.51
13, -3.64, -6.78, -9.31, -11.15, -12.21, -12.41, -11.66, -9.86
13.5, -4.13, -7.79, -10.86, -13.27, -14.94, -15.79, -15.73, -14.67
14, -4.58, -8.7, -12.26, -15.19, -17.41, -18.84, -19.41, -19.02
14.5, -4.99, -9.53, -13.54, -16.93, -19.65, -21.62, -22.75, -22.97
15, -5.36, -10.29, -14.7, -18.52, -21.69, -24.14, -25.79, -26.56
15.5, -5.7, -10.98, -15.76, -19.98, -23.56, -26.45, -28.57, -29.84
16, -6.01, -11.62, -16.74, -21.31, -25.27, -28.56, -31.11, -32.85
16.5, -6.3, -12.2, -17.64, -22.54, -26.85, -30.51, -33.45, -35.62
17, -6.56, -12.74, -18.47, -23.67, -28.3, -32.3, -35.61, -38.16
17.5, -6.81, -13.24, -19.23, -24.72, -29.65, -33.96, -37.61, -40.52
18, -7.04, -13.71, -19.95, -25.69, -30.9, -35.5, -39.46, -42.71
18.5, -7.25, -14.14, -20.61, -26.6, -32.06, -36.93, -41.18, -44.74
19, -7.45, -14.54, -21.23, -27.44, -33.14, -38.27, -42.78, -46.63
19.5, -7.63, -14.92, -21.8, -28.23, -34.15, -39.51, -44.28, -48.39
20, -7.8, -15.27, -22.34, -28.97, -35.09, -40.68, -45.68, -50.04
20.5, -7.97, -15.61, -22.85, -29.66, -35.98, -41.77, -46.99, -51.58
21, -8.12, -15.92, -23.33, -30.31, -36.81, -42.8, -48.22, -53.03
21.5, -8.26, -16.21, -23.78, -30.92, -37.59, -43.76, -49.38, -54.4
22, -8.4, -16.49, -24.2, -31.49, -38.33, -44.67, -50.47, -55.68
22.5, -8.53, -16.75, -24.6, -32.04, -39.03, -45.53, -51.5, -56.89
23, -8.65, -16.99, -24.98, -32.55, -39.69, -46.34, -52.47, -58.04
23.5, -8.76, -17.23, -25.33, -33.04, -40.31, -47.11, -53.39, -59.12
24, -8.87, -17.45, -25.67, -33.5, -40.9, -47.83, -54.26, -60.15
24.5, -8.98, -17.66, -25.99, -33.94, -41.46, -48.52, -55.09, -61.12
25, -9.07, -17.86, -26.3, -34.36, -42, -49.18, -55.88, -62.04
ENDTABLE



LOG_ENTRY Used Dataset: Tire: Aligning Moment; { Touring Tires } 265/70 R17
#Library : Tire: Aligning Moment
#DataSet : 265/70 R17
#Category: Touring Tires
#FileID  : TireMz_bc0be167-41a3-4159-b2c9-cf4bf2e30b07
#Product : CarSim 2020.0
#VehCode Tire: Mz

END
