PARSFILE
#FullDataName Tire: Aligning Moment`GT Front - 27/68 - 18`Racing Tires
#CheckBox0 0    

#RingCtrl0 CARPET_FROM_ZERO
#RadioCtrl0 0    
#RadioCtrl1 0    

*3D_XLabel Vertical load (N)
*3D_YLabel Abs. slip angle [Alpha] (deg)
*3D_ZLabel Aligning moment (N-m)

#DiagramTwo0
*3D_DATA 8, 51 ! columns x rows
MZ_TIRE_CARPET 2D_FROM_ZERO
0, 919.37, 1838.75, 2758.12, 3677.49, 4596.87, 5516.24, 6435.61, 7354.99
0.5, 18.79, 36.38, 52.59, 67.34, 80.59, 92.33, 102.55, 111.26
1, 41.66, 80.61, 116.44, 148.91, 177.9, 203.34, 225.21, 243.52
1.5, 59.81, 117.32, 171.85, 222.82, 269.7, 312, 349.3, 381.23
2, 59.7, 120, 180.57, 240.82, 300.01, 357.22, 411.44, 461.54
2.5, 47.16, 96.86, 149.37, 204.72, 262.69, 322.84, 384.43, 446.44
3, 33.78, 70.38, 110.39, 154.24, 202.23, 254.56, 311.26, 372.12
3.5, 23.48, 49.44, 78.49, 111.16, 147.96, 189.39, 235.94, 288
4, 16.16, 34.37, 55.16, 79.03, 106.5, 138.14, 174.56, 216.41
4.5, 10.99, 23.65, 38.43, 55.77, 76.12, 100.02, 128.06, 160.93
5, 7.26, 15.9, 26.3, 38.82, 53.85, 71.86, 93.37, 119.02
5.5, 4.51, 10.18, 17.32, 26.24, 37.27, 50.81, 67.3, 87.32
6, 2.43, 5.85, 10.52, 16.7, 24.68, 34.79, 47.41, 63.05
6.5, 0.82, 2.49, 5.25, 9.31, 14.92, 22.36, 31.97, 44.16
7, -0.46, -0.16, 1.09, 3.47, 7.21, 12.54, 19.76, 29.23
7.5, -1.48, -2.3, -2.27, -1.22, 1.02, 4.66, 9.96, 17.23
8, -2.32, -4.05, -5.01, -5.06, -4.05, -1.78, 1.96, 7.44
8.5, -3.02, -5.5, -7.28, -8.24, -8.24, -7.11, -4.66, -0.64
9, -3.61, -6.72, -9.19, -10.91, -11.75, -11.57, -10.2, -7.41
9.5, -4.11, -7.75, -10.81, -13.17, -14.73, -15.35, -14.88, -13.13
10, -4.54, -8.64, -12.2, -15.12, -17.29, -18.59, -18.89, -18.02
10.5, -4.91, -9.41, -13.4, -16.8, -19.49, -21.39, -22.35, -22.24
11, -5.24, -10.09, -14.46, -18.26, -21.42, -23.82, -25.37, -25.9
11.5, -5.52, -10.68, -15.38, -19.55, -23.11, -25.96, -28, -29.11
12, -5.78, -11.21, -16.2, -20.69, -24.6, -27.85, -30.33, -31.94
12.5, -6, -11.67, -16.93, -21.7, -25.93, -29.53, -32.4, -34.45
13, -6.21, -12.09, -17.58, -22.61, -27.12, -31.02, -34.25, -36.69
13.5, -6.39, -12.47, -18.17, -23.43, -28.19, -32.37, -35.91, -38.7
14, -6.56, -12.81, -18.7, -24.17, -29.15, -33.59, -37.4, -40.51
14.5, -6.71, -13.12, -19.19, -24.84, -30.03, -34.69, -38.76, -42.15
15, -6.84, -13.41, -19.63, -25.45, -30.82, -35.69, -39.99, -43.64
15.5, -6.97, -13.67, -20.03, -26.01, -31.55, -36.61, -41.12, -45
16, -7.09, -13.91, -20.4, -26.52, -32.22, -37.45, -42.15, -46.25
16.5, -7.19, -14.12, -20.74, -26.99, -32.84, -38.22, -43.1, -47.39
17, -7.29, -14.33, -21.05, -27.43, -33.4, -38.94, -43.97, -48.45
17.5, -7.38, -14.52, -21.35, -27.83, -33.93, -39.6, -44.78, -49.42
18, -7.47, -14.69, -21.62, -28.21, -34.42, -40.21, -45.53, -50.32
18.5, -7.55, -14.85, -21.87, -28.56, -34.87, -40.78, -46.23, -51.16
19, -7.62, -15.01, -22.11, -28.88, -35.3, -41.31, -46.88, -51.94
19.5, -7.69, -15.15, -22.33, -29.19, -35.69, -41.81, -47.48, -52.67
20, -7.76, -15.28, -22.53, -29.47, -36.06, -42.27, -48.05, -53.36
20.5, -7.82, -15.41, -22.73, -29.74, -36.41, -42.71, -48.58, -53.99
21, -7.87, -15.53, -22.91, -29.99, -36.74, -43.12, -49.08, -54.59
21.5, -7.93, -15.64, -23.08, -30.23, -37.05, -43.5, -49.55, -55.16
22, -7.98, -15.74, -23.24, -30.45, -37.34, -43.86, -50, -55.69
22.5, -8.03, -15.84, -23.4, -30.67, -37.61, -44.21, -50.41, -56.19
23, -8.07, -15.93, -23.54, -30.87, -37.87, -44.53, -50.81, -56.67
23.5, -8.12, -16.02, -23.68, -31.06, -38.12, -44.84, -51.18, -57.12
24, -8.16, -16.11, -23.81, -31.24, -38.35, -45.13, -51.54, -57.54
24.5, -8.2, -16.19, -23.94, -31.41, -38.57, -45.41, -51.88, -57.95
25, -8.23, -16.27, -24.05, -31.57, -38.78, -45.67, -52.2, -58.33
25.5, -8.23, -16.27, -24.05, -31.57, -38.78, -45.67, -52.2, -58.33
ENDTABLE



LOG_ENTRY Used Dataset: Tire: Aligning Moment; { Racing Tires } GT Front - 27/68 - 18
#Library : Tire: Aligning Moment
#DataSet : GT Front - 27/68 - 18
#Category: Racing Tires
#FileID  : TireMz_e84e26db-3ac1-4276-aa19-218abc74f2ed
#Product : CarSim 2020.0
#VehCode Tire: Mz

END
