PARSFILE
#FullDataName Tire: Aligning Moment`215/55 R17 (SAE)`Touring Tires
#CheckBox0 0    

#RingCtrl0 CARPET_FROM_ZERO
#RadioCtrl0 0    
#RadioCtrl1 0    

*3D_XLabel Vertical load (N)
*3D_YLabel Abs. slip angle [Alpha] (deg)
*3D_ZLabel Aligning moment (N-m)

#DiagramTwo0
*3D_DATA 8, 51 ! columns x rows
MZ_TIRE_CARPET 2D_FROM_ZERO
0, 1593.58, 3187.16, 4780.74, 6374.32, 7967.9, 9561.48, 11155.06, 12748.65
0.5, 7.452673542, 14.64959626, 21.54915219, 28.13312762, 34.39085259, 40.31966384, 45.90179517, 51.15086512
1, 15.07509942, 29.65361007, 43.65497795, 57.03124096, 69.75540841, 81.79688942, 93.13987976, 103.7828717
1.5, 21.32663766, 42.23959603, 62.62702384, 82.4007136, 101.458924, 119.73241, 137.1329889, 153.6016139
2, 23.73004713, 47.66537269, 71.73982093, 95.84980211, 119.855025, 143.5945442, 166.8858444, 189.5425159
2.5, 21.99372876, 44.90685727, 68.84963178, 93.8087936, 119.7297538, 146.4726113, 173.8654352, 201.6658753
3, 18.14074155, 37.59953072, 58.62214546, 81.36260258, 105.9217146, 132.3535328, 160.6255867, 190.6578153
3.5, 14.06887262, 29.50822021, 46.63490127, 65.71737839, 86.98378571, 110.6688723, 136.9480163, 165.9816456
4, 10.58879803, 22.42678885, 35.84515029, 51.13312027, 68.60532091, 88.57797644, 111.3885331, 137.3644113
4.5, 7.836285874, 16.75003754, 27.05137706, 39.02310043, 52.98429643, 69.2748367, 88.29561436, 110.4824822
5, 5.710646062, 12.34118771, 20.14977005, 29.40150275, 40.39566248, 53.46178464, 68.99360804, 87.46296931
5.5, 4.07982336, 8.927362915, 14.78169293, 21.86498968, 30.44124912, 40.81873231, 53.37193915, 68.54232854
6, 2.811946049, 6.269915035, 10.58617046, 15.94927125, 22.58605235, 30.78104994, 40.8620161, 53.23546322
6.5, 1.809380108, 4.181237372, 7.276479254, 11.26423176, 16.35526284, 22.77307317, 30.83240551, 40.88490488
7, 1.017756163, 2.511195538, 4.625718621, 7.513991597, 11.3507223, 16.3372078, 22.73749225, 30.883169
7.5, 0.369513987, 1.15582271, 2.480092299, 4.474975134, 7.292975012, 11.10446589, 16.15025363, 22.71583675
8, -0.162075367, 0.043765673, 0.721583733, 1.980181037, 3.957411103, 6.806902585, 10.73176979, 15.98696291
8.5, -0.602193938, -0.881818771, -0.745387126, -0.095373299, 1.181978846, 3.231046404, 6.225841262, 10.39411024
9, -0.97481139, -1.664305144, -1.979096729, -1.842828165, -1.14775825, 0.225857262, 2.442153575, 5.686489692
9.5, -1.292306991, -2.32902221, -3.035038589, -3.332473734, -3.135072744, -2.329438581, -0.776874005, 1.691308235
10, -1.56648864, -2.900098932, -3.939285249, -4.615010055, -4.839588026, -4.52159855, -3.535071449, -1.726082378
10.5, -1.803440111, -3.400787263, -4.727495909, -5.722504698, -6.318220394, -6.422237318, -5.925739841, -4.688293086
11, -2.014297278, -3.842957305, -5.423365433, -6.702189151, -7.614620174, -8.083094353, -8.009487844, -7.265664817
11.5, -2.204684941, -4.232685161, -6.039089273, -7.567096051, -8.759775421, -9.548335669, -9.84446809, -9.537350008
12, -2.374769821, -4.581170508, -6.58629456, -8.335044607, -9.778075858, -10.85501245, -11.47540471, -11.55036416
12.5, -2.524628574, -4.899385963, -7.081811426, -9.028944772, -10.69321243, -12.02212719, -12.93407193, -13.34418312
13, -2.659614692, -5.18206113, -7.525873371, -9.654731928, -11.51715671, -13.07371476, -14.24552626, -14.95701408
13.5, -2.785051214, -5.44533402, -7.93486284, -10.22368634, -12.26713697, -14.02759627, -15.4341518, -16.41431684
14, -2.900886747, -5.683772275, -8.308786566, -10.741359, -12.95456424, -14.89553819, -16.51227411, -17.73501202
14.5, -3.0070464, -5.90266629, -8.65296303, -11.22424815, -13.58501207, -15.69481182, -17.50344211, -18.94938784
15, -3.108856781, -6.107300207, -8.972736703, -11.66670627, -14.16401758, -16.43109525, -18.41943062, -20.05778026
15.5, -3.200874527, -6.297540242, -9.267919486, -12.0795864, -14.70822789, -17.11564214, -19.2601596, -21.08398821
16, -3.288368067, -6.478698001, -9.543773415, -12.46265559, -15.20613473, -17.74823957, -20.04291125, -22.03386974
16.5, -3.371285052, -6.645156434, -9.800138218, -12.82121134, -15.68004052, -18.34004477, -20.77325299, -22.91911194
17, -3.444155182, -6.80224243, -10.04775839, -13.16062475, -16.11834359, -18.89649458, -21.4508578, -23.7513539
17.5, -3.51767811, -6.949795577, -10.27549077, -13.48061809, -16.53206877, -19.41724065, -22.09294179, -24.52428255
18, -3.586460617, -7.093173326, -10.49410313, -13.78092829, -16.92659322, -19.90772689, -22.69913017, -25.25541387
18.5, -3.650354932, -7.226767057, -10.7035133, -14.06692276, -17.29591764, -20.37338313, -23.26906222, -25.93840645
19, -3.714753523, -7.350468858, -10.89791843, -14.33842558, -17.65119399, -20.81386673, -23.80827793, -26.59083669
19.5, -3.774223363, -7.475134313, -11.0883277, -14.59514517, -17.9864457, -21.23469831, -24.31639205, -27.20627504
20, -3.82864507, -7.589694958, -11.26899314, -14.84257465, -18.30713281, -21.63551111, -24.80482183, -27.79642297
20.5, -3.883444674, -7.699531799, -11.4398002, -15.08052062, -18.61302126, -22.01613348, -25.27332363, -28.35487978
21, -3.938581507, -7.810140861, -11.60058143, -15.30881042, -18.90384817, -22.38200175, -25.71561638, -28.88729382
21.5, -3.98858859, -7.910320562, -11.76242427, -15.5215519, -19.18518042, -22.73295339, -26.14329644, -29.39940291
22, -4.033339755, -8.011113636, -11.91403297, -15.73571238, -19.45686391, -23.0687127, -26.55011218, -29.88481795
22.5, -4.083905407, -8.106879608, -12.06087168, -15.93401885, -19.71286029, -23.3890387, -26.94178715, -30.35535808
23, -4.129172965, -8.197542219, -12.20287534, -16.12778154, -19.96467699, -23.70553312, -27.3240656, -30.80467474
23.5, -4.169045156, -8.288726867, -12.3399873, -16.31687009, -20.20626286, -24.00622562, -27.68466753, -31.24470109
24, -4.214743531, -8.374633295, -12.47205046, -16.50118665, -20.44338012, -24.29677306, -28.04149426, -31.66296255
24.5, -4.25497, -8.460964357, -12.60476871, -16.6748672, -20.67005308, -24.57708584, -28.38227937, -32.06531652
25, -4.295425512, -8.541981986, -12.72655819, -16.84352825, -20.89195742, -24.84695846, -28.70674458, -32.45772358
26, -4.295425512, -8.541981986, -12.72655819, -16.84352825, -20.89195742, -24.84695846, -28.70674458, -32.45772358
ENDTABLE



#EMBEDDED_NOTES
#New for CS 2016
#
#This Aligning Moment data replaces the previously shipping Aligning Moment data.
#
#The Mz values correspond to a pneumatic trail (deg) obtained from the averaged results of SAE Tire Tests.
#
#END_EMBEDDED_NOTES

LOG_ENTRY Used Dataset: Tire: Aligning Moment; { Touring Tires } 215/55 R17 (SAE)
#Library : Tire: Aligning Moment
#DataSet : 215/55 R17 (SAE)
#Category: Touring Tires
#FileID  : TireMz_3a71ed18-e842-4d21-9297-9e431964ca79
#Product : CarSim 2020.0
#VehCode Tire: Mz

END
