PARSFILE
#FullDataName Tire: Aligning Moment`255/45 R18`Performance Tires
#CheckBox0 0    

#RingCtrl0 CARPET_FROM_ZERO
#RadioCtrl0 0    
#RadioCtrl1 0    

*3D_XLabel Vertical load (N)
*3D_YLabel Abs. slip angle [Alpha] (deg)
*3D_ZLabel Aligning moment (N-m)

#DiagramTwo0
*3D_DATA 8, 51 ! columns x rows
MZ_TIRE_CARPET 2D_FROM_ZERO
0, 1348.41, 2696.83, 4045.24, 5393.66, 6742.07, 8090.49, 9438.9, 10787.32
0.5, 9.1, 17.61, 25.45, 32.57, 38.97, 44.63, 49.55, 53.75
1, 18.54, 35.87, 51.83, 66.34, 79.37, 90.89, 100.91, 109.44
1.5, 27.11, 52.63, 76.31, 98.01, 117.64, 135.15, 150.5, 163.68
2, 32.25, 63.09, 92.22, 119.44, 144.58, 167.49, 188.05, 206.16
2.5, 32.51, 64.25, 94.98, 124.49, 152.57, 179, 203.55, 226
3, 29.1, 58.09, 86.87, 115.28, 143.14, 170.25, 196.37, 221.25
3.5, 24.24, 48.81, 73.71, 98.86, 124.17, 149.52, 174.72, 199.57
4, 19.45, 39.43, 60, 81.17, 102.92, 125.18, 147.88, 170.88
4.5, 15.3, 31.21, 47.81, 65.14, 83.24, 102.1, 121.69, 141.97
5, 11.91, 24.42, 37.64, 51.64, 66.44, 82.1, 98.62, 116
5.5, 9.18, 18.94, 29.38, 40.58, 52.58, 65.44, 79.19, 93.87
6, 6.99, 14.53, 22.7, 31.6, 41.27, 51.76, 63.14, 75.43
6.5, 5.22, 10.95, 17.29, 24.29, 32.03, 40.55, 49.91, 60.16
7, 3.78, 8.03, 12.85, 18.31, 24.45, 31.33, 39, 47.52
7.5, 2.59, 5.62, 9.19, 13.36, 18.17, 23.68, 29.93, 36.99
8, 1.6, 3.62, 6.14, 9.23, 12.92, 17.28, 22.34, 28.16
8.5, 0.76, 1.92, 3.57, 5.74, 8.5, 11.88, 15.93, 20.7
9, 0.05, 0.48, 1.38, 2.78, 4.74, 7.29, 10.47, 14.34
9.5, -0.56, -0.75, -0.5, 0.24, 1.5, 3.34, 5.79, 8.88
10, -1.09, -1.82, -2.13, -1.96, -1.29, -0.07, 1.73, 4.15
10.5, -1.55, -2.75, -3.55, -3.88, -3.73, -3.05, -1.8, 0.03
11, -1.96, -3.57, -4.79, -5.57, -5.87, -5.66, -4.91, -3.58
11.5, -2.31, -4.3, -5.89, -7.06, -7.76, -7.97, -7.65, -6.77
12, -2.63, -4.94, -6.87, -8.38, -9.44, -10.02, -10.08, -9.6
12.5, -2.92, -5.52, -7.75, -9.57, -10.94, -11.85, -12.25, -12.13
13, -3.17, -6.04, -8.53, -10.63, -12.29, -13.49, -14.2, -14.4
13.5, -3.41, -6.5, -9.24, -11.59, -13.51, -14.97, -15.96, -16.45
14, -3.62, -6.93, -9.89, -12.46, -14.61, -16.32, -17.56, -18.3
14.5, -3.81, -7.32, -10.48, -13.25, -15.61, -17.54, -19.01, -19.99
15, -3.98, -7.67, -11.01, -13.97, -16.53, -18.66, -20.33, -21.52
15.5, -4.14, -7.99, -11.5, -14.64, -17.37, -19.68, -21.54, -22.93
16, -4.29, -8.29, -11.95, -15.25, -18.14, -20.62, -22.65, -24.22
16.5, -4.43, -8.57, -12.37, -15.81, -18.86, -21.48, -23.68, -25.41
17, -4.55, -8.82, -12.76, -16.33, -19.51, -22.29, -24.63, -26.51
17.5, -4.67, -9.06, -13.12, -16.81, -20.12, -23.03, -25.5, -27.53
18, -4.78, -9.28, -13.45, -17.26, -20.69, -23.72, -26.32, -28.48
18.5, -4.88, -9.48, -13.76, -17.68, -21.22, -24.36, -27.08, -29.36
19, -4.97, -9.67, -14.05, -18.07, -21.72, -24.96, -27.79, -30.18
19.5, -5.06, -9.85, -14.32, -18.44, -22.18, -25.52, -28.45, -30.95
20, -5.15, -10.02, -14.58, -18.78, -22.61, -26.05, -29.08, -31.67
20.5, -5.23, -10.18, -14.81, -19.1, -23.02, -26.54, -29.66, -32.35
21, -5.3, -10.33, -15.04, -19.41, -23.4, -27.01, -30.21, -32.99
21.5, -5.37, -10.47, -15.25, -19.69, -23.76, -27.45, -30.73, -33.59
22, -5.44, -10.6, -15.45, -19.96, -24.1, -27.86, -31.22, -34.15
22.5, -5.5, -10.73, -15.64, -20.22, -24.43, -28.25, -31.68, -34.69
23, -5.56, -10.85, -15.82, -20.46, -24.73, -28.62, -32.11, -35.19
23.5, -5.61, -10.96, -15.99, -20.69, -25.02, -28.97, -32.53, -35.67
24, -5.67, -11.07, -16.16, -20.91, -25.3, -29.31, -32.92, -36.12
24.5, -5.72, -11.17, -16.31, -21.11, -25.56, -29.62, -33.29, -36.56
25, -5.76, -11.27, -16.46, -21.31, -25.81, -29.92, -33.65, -36.97
26, -5.76, -11.27, -16.46, -21.31, -25.81, -29.92, -33.65, -36.97
ENDTABLE



LOG_ENTRY Used Dataset: Tire: Aligning Moment; { Performance Tires } 255/45 R18
#Library : Tire: Aligning Moment
#DataSet : 255/45 R18
#Category: Performance Tires
#FileID  : TireMz_6043ab69-3436-4070-90b7-9d8453971bec
#Product : CarSim 2020.0
#VehCode Tire: Mz

END
