PARSFILE
#FullDataName Tire: Aligning Moment`225/60 R18`Touring Tires
#CheckBox0 0    

#RingCtrl0 CARPET_FROM_ZERO
#RadioCtrl0 0    
#RadioCtrl1 0    

*3D_XLabel Vertical load (N)
*3D_YLabel Abs. slip angle [Alpha] (deg)
*3D_ZLabel Aligning moment (N-m)

#DiagramTwo0
*3D_DATA 8, 51 ! columns x rows
MZ_TIRE_CARPET 2D_FROM_ZERO
0, 1961.33, 3922.66, 5883.99, 7845.32, 9806.65, 11767.98, 13729.31, 15690.64
0.5, 13.74, 26.59, 38.42, 49.18, 58.84, 67.4, 74.85, 81.2
1, 27.52, 53.29, 77.08, 98.77, 118.28, 135.59, 150.69, 163.58
1.5, 38.52, 75, 109.07, 140.54, 169.23, 195.05, 217.91, 237.76
2, 42.77, 84.07, 123.55, 160.94, 195.99, 228.45, 258.1, 284.74
2.5, 40.05, 79.6, 118.43, 156.31, 192.98, 228.18, 261.6, 292.94
3, 33.77, 67.76, 101.91, 136.11, 170.21, 203.99, 237.23, 269.64
3.5, 26.96, 54.52, 82.71, 111.52, 140.91, 170.77, 200.97, 231.34
4, 21, 42.71, 65.25, 88.66, 112.96, 138.12, 164.12, 190.86
4.5, 16.15, 33.03, 50.78, 69.47, 89.15, 109.84, 131.57, 154.32
5, 12.31, 25.32, 39.18, 53.96, 69.73, 86.54, 104.45, 123.47
5.5, 9.27, 19.2, 29.94, 41.55, 54.11, 67.68, 82.33, 98.09
6, 6.85, 14.32, 22.54, 31.58, 41.53, 52.43, 64.36, 77.37
6.5, 4.9, 10.38, 16.56, 23.52, 31.32, 40.03, 49.71, 60.42
7, 3.3, 7.16, 11.68, 16.92, 22.96, 29.86, 37.67, 46.45
7.5, 1.99, 4.5, 7.63, 11.46, 16.04, 21.43, 27.68, 34.85
8, 0.89, 2.27, 4.25, 6.89, 10.24, 14.36, 19.3, 25.11
8.5, -0.04, 0.39, 1.39, 3.03, 5.34, 8.39, 12.21, 16.87
9, -0.84, -1.22, -1.05, -0.28, 1.15, 3.28, 6.16, 9.83
9.5, -1.52, -2.6, -3.15, -3.12, -2.46, -1.12, 0.94, 3.76
10, -2.12, -3.81, -4.98, -5.59, -5.59, -4.94, -3.59, -1.51
10.5, -2.64, -4.86, -6.59, -7.76, -8.33, -8.28, -7.55, -6.12
11, -3.1, -5.79, -8, -9.66, -10.75, -11.23, -11.05, -10.18
11.5, -3.51, -6.62, -9.25, -11.36, -12.9, -13.84, -14.14, -13.77
12, -3.88, -7.36, -10.37, -12.87, -14.81, -16.17, -16.9, -16.98
12.5, -4.21, -8.02, -11.38, -14.22, -16.53, -18.26, -19.38, -19.86
13, -4.5, -8.62, -12.28, -15.45, -18.08, -20.14, -21.6, -22.44
13.5, -4.77, -9.16, -13.1, -16.55, -19.48, -21.84, -23.62, -24.78
14, -5.02, -9.65, -13.85, -17.56, -20.75, -23.39, -25.45, -26.91
14.5, -5.24, -10.1, -14.53, -18.48, -21.91, -24.81, -27.13, -28.85
15, -5.44, -10.52, -15.16, -19.32, -22.98, -26.1, -28.66, -30.62
15.5, -5.63, -10.9, -15.73, -20.1, -23.96, -27.29, -30.06, -32.25
16, -5.8, -11.25, -16.26, -20.81, -24.86, -28.38, -31.36, -33.75
16.5, -5.97, -11.57, -16.75, -21.47, -25.69, -29.4, -32.55, -35.14
17, -6.11, -11.87, -17.21, -22.08, -26.47, -30.34, -33.66, -36.42
17.5, -6.25, -12.15, -17.63, -22.65, -27.19, -31.21, -34.69, -37.62
18, -6.38, -12.41, -18.02, -23.18, -27.86, -32.02, -35.65, -38.73
18.5, -6.5, -12.65, -18.39, -23.68, -28.48, -32.78, -36.55, -39.76
19, -6.62, -12.88, -18.74, -24.14, -29.07, -33.49, -37.39, -40.73
19.5, -6.72, -13.1, -19.06, -24.58, -29.62, -34.16, -38.17, -41.64
20, -6.82, -13.3, -19.36, -24.99, -30.13, -34.78, -38.91, -42.49
20.5, -6.92, -13.49, -19.65, -25.37, -30.62, -35.37, -39.6, -43.29
21, -7.01, -13.67, -19.92, -25.73, -31.08, -35.92, -40.25, -44.05
21.5, -7.09, -13.83, -20.18, -26.08, -31.51, -36.45, -40.87, -44.76
22, -7.17, -13.99, -20.42, -26.4, -31.92, -36.94, -41.45, -45.44
22.5, -7.24, -14.15, -20.64, -26.71, -32.3, -37.41, -42.01, -46.07
23, -7.32, -14.29, -20.86, -27, -32.67, -37.85, -42.53, -46.68
23.5, -7.38, -14.42, -21.07, -27.27, -33.02, -38.28, -43.03, -47.25
24, -7.45, -14.55, -21.26, -27.54, -33.35, -38.68, -43.5, -47.8
24.5, -7.51, -14.68, -21.45, -27.79, -33.66, -39.06, -43.95, -48.31
25, -7.57, -14.8, -21.63, -28.03, -33.97, -39.42, -44.38, -48.81
26, -7.57, -14.8, -21.63, -28.03, -33.97, -39.42, -44.38, -48.81
ENDTABLE



LOG_ENTRY Used Dataset: Tire: Aligning Moment; { Touring Tires } 225/60 R18
#Library : Tire: Aligning Moment
#DataSet : 225/60 R18
#Category: Touring Tires
#FileID  : TireMz_3971c78d-cf7b-4b36-a498-fb3f5be41995
#Product : CarSim 2020.0
#VehCode Tire: Mz

END
