PARSFILE
#FullDataName Tire: Aligning Moment`205/45 R17 (SAE)`Touring Tires
#CheckBox0 0    

#RingCtrl0 CARPET_FROM_ZERO
#RadioCtrl0 0    
#RadioCtrl1 0    

*3D_XLabel Vertical load (N)
*3D_YLabel Abs. slip angle [Alpha] (deg)
*3D_ZLabel Aligning moment (N-m)

#DiagramTwo0
*3D_DATA 8, 51 ! columns x rows
MZ_TIRE_CARPET 2D_FROM_ZERO
0, 1348.41, 2696.83, 4045.24, 5393.66, 6742.07, 8090.49, 9438.9, 10787.32
0.5, 9.59, 18.46, 26.54, 33.77, 40.17, 45.72, 50.43, 54.35
1, 19.62, 37.78, 54.32, 69.16, 82.28, 93.68, 103.39, 111.44
1.5, 28.85, 55.78, 80.52, 102.92, 122.92, 140.49, 155.62, 168.33
2, 34.49, 67.26, 97.94, 126.35, 152.31, 175.68, 196.36, 214.29
2.5, 34.9, 68.79, 101.39, 132.48, 161.83, 189.22, 214.41, 237.21
3, 31.28, 62.32, 93, 123.13, 152.53, 180.98, 208.23, 234.01
3.5, 26.02, 52.34, 78.94, 105.73, 132.61, 159.44, 186.03, 212.17
4, 20.81, 42.18, 64.14, 86.73, 109.9, 133.59, 157.73, 182.15
4.5, 16.3, 33.25, 50.94, 69.41, 88.71, 108.83, 129.75, 151.41
5, 12.61, 25.88, 39.91, 54.8, 70.57, 87.28, 104.94, 123.57
5.5, 9.66, 19.95, 30.99, 42.86, 55.61, 69.31, 84.01, 99.75
6, 7.31, 15.21, 23.8, 33.19, 43.43, 54.58, 66.73, 79.9
6.5, 5.42, 11.39, 18.02, 25.38, 33.54, 42.56, 52.53, 63.49
7, 3.9, 8.3, 13.32, 19.03, 25.47, 32.73, 40.87, 49.95
7.5, 2.66, 5.78, 9.47, 13.81, 18.84, 24.62, 31.23, 38.73
8, 1.63, 3.7, 6.3, 9.49, 13.33, 17.89, 23.21, 29.37
8.5, 0.77, 1.95, 3.64, 5.88, 8.73, 12.25, 16.49, 21.51
9, 0.05, 0.49, 1.4, 2.83, 4.85, 7.49, 10.8, 14.85
9.5, -0.56, -0.76, -0.51, 0.24, 1.53, 3.42, 5.95, 9.16
10, -1.09, -1.83, -2.15, -1.98, -1.31, -0.07, 1.77, 4.27
10.5, -1.55, -2.76, -3.57, -3.92, -3.78, -3.1, -1.84, 0.03
11, -1.95, -3.57, -4.8, -5.61, -5.93, -5.74, -5, -3.67
11.5, -2.3, -4.29, -5.89, -7.09, -7.82, -8.07, -7.78, -6.92
12, -2.61, -4.92, -6.86, -8.4, -9.5, -10.13, -10.23, -9.79
12.5, -2.89, -5.48, -7.73, -9.58, -10.99, -11.96, -12.42, -12.36
13, -3.14, -5.99, -8.49, -10.62, -12.33, -13.59, -14.37, -14.65
13.5, -3.37, -6.44, -9.19, -11.57, -13.54, -15.07, -16.14, -16.72
14, -3.57, -6.86, -9.82, -12.42, -14.63, -16.41, -17.74, -18.58
14.5, -3.76, -7.24, -10.4, -13.2, -15.62, -17.63, -19.19, -20.28
15, -3.92, -7.58, -10.92, -13.91, -16.53, -18.74, -20.52, -21.82
15.5, -4.08, -7.9, -11.41, -14.57, -17.36, -19.76, -21.73, -23.25
16, -4.23, -8.19, -11.85, -15.18, -18.13, -20.7, -22.84, -24.55
16.5, -4.36, -8.47, -12.27, -15.74, -18.85, -21.56, -23.88, -25.75
17, -4.48, -8.72, -12.65, -16.25, -19.5, -22.38, -24.84, -26.87
17.5, -4.6, -8.95, -13.01, -16.74, -20.11, -23.12, -25.72, -27.91
18, -4.71, -9.17, -13.34, -17.19, -20.69, -23.82, -26.56, -28.88
18.5, -4.81, -9.38, -13.66, -17.61, -21.23, -24.47, -27.33, -29.78
19, -4.9, -9.57, -13.95, -18.01, -21.74, -25.09, -28.06, -30.63
19.5, -4.99, -9.75, -14.23, -18.39, -22.21, -25.67, -28.75, -31.43
20, -5.09, -9.93, -14.49, -18.74, -22.65, -26.21, -29.4, -32.18
20.5, -5.17, -10.09, -14.73, -19.07, -23.08, -26.73, -30.01, -32.89
21, -5.24, -10.25, -14.97, -19.4, -23.48, -27.22, -30.59, -33.57
21.5, -5.32, -10.4, -15.2, -19.69, -23.86, -27.68, -31.14, -34.2
22, -5.39, -10.54, -15.41, -19.98, -24.22, -28.12, -31.66, -34.8
22.5, -5.46, -10.67, -15.61, -20.26, -24.57, -28.54, -32.15, -35.38
23, -5.52, -10.8, -15.81, -20.52, -24.9, -28.94, -32.62, -35.92
23.5, -5.58, -10.92, -15.99, -20.77, -25.22, -29.32, -33.08, -36.45
24, -5.64, -11.05, -16.18, -21.01, -25.52, -29.69, -33.5, -36.94
24.5, -5.7, -11.16, -16.34, -21.23, -25.81, -30.04, -33.92, -37.43
25, -5.74, -11.27, -16.51, -21.46, -26.09, -30.37, -34.32, -37.89
26, -5.74, -11.27, -16.51, -21.46, -26.09, -30.37, -34.32, -37.89
ENDTABLE



#EMBEDDED_NOTES
#New for CS 2016
#
#This Aligning Moment data replaces the previously shipping Aligning Moment data.
#
#The Mz values correspond to a pneumatic trail (deg) obtained from the averaged results of SAE Tire Tests.
#END_EMBEDDED_NOTES

LOG_ENTRY Used Dataset: Tire: Aligning Moment; { Touring Tires } 205/45 R17 (SAE)
#Library : Tire: Aligning Moment
#DataSet : 205/45 R17 (SAE)
#Category: Touring Tires
#FileID  : TireMz_bb7a6e15-9e6d-401b-b771-7e38d99446a2
#Product : CarSim 2020.0
#VehCode Tire: Mz

END
