PARSFILE
#FullDataName Surface: Roughness Profiles`Bumpy`* * * CYBRIX: Road Roughnesses
#CheckBox0 0    

#RingCtrl0 LINEAR_LOOP
#DiagramOne0
ISIDE 1
Z_PROFILE_TABLE LINEAR_LOOP
0.3048, 0.203
0.4572, 0.088897
0.6096, 0.037637
0.762, 0.17715
0.9144, 0.27745
1.0668, 0.13802
1.2192, 0.024601
1.3716, 0.084719
1.524, 0.13192
1.6764, 0.10643
1.8288, 0.25407
1.9812, 0.36523
2.1336, 0.36718
2.286, 0.46944
2.4384, 0.61325
2.5908, 0.80808
2.7432, 0.81128
2.8956, 0.81133
3.048, 0.63702
3.2004, 0.52361
3.3528, 0.49506
3.5052, 0.3787
3.6576, 0.38621
3.81, 0.53671
3.9624, 0.59248
4.1148, 0.58431
4.2672, 0.34547
4.4196, 0.11348
4.572, 0.38917
4.7244, 0.60564
4.8768, 0.60163
5.0292, 0.6499
5.1816, 0.66688
5.334, 0.83087
5.4864, 0.98123
5.6388, 0.91875
5.7912, 0.89083
5.9436, 0.85533
6.096, 0.87963
6.2484, 0.96867
6.4008, 1.0231
6.5532, 0.95895
6.7056, 0.82298
6.858, 0.86337
7.0104, 0.95822
7.1628, 0.8681
7.3152, 0.66202
7.4676, 0.69476
7.62, 0.86326
7.7724, 0.79882
7.9248, 0.9335
8.0772, 0.92619
8.2296, 0.68918
8.382, 0.84159
8.5344, 0.85809
8.6868, 0.75582
8.8392, 0.75257
8.9916, 0.6208
9.144, 0.64188
9.2964, 0.81151
9.4488, 0.75645
9.6012, 0.61721
9.7536, 0.74144
9.906, 1.0045
10.0584, 1.0504
10.2108, 0.83478
10.3632, 0.64914
10.5156, 0.65846
10.668, 0.94976
10.8204, 1.055
10.9728, 0.9315
11.1252, 0.71473
11.2776, 0.66549
11.43, 0.79222
11.5824, 0.88125
11.7348, 0.73591
11.8872, 0.5431
12.0396, 0.52218
12.192, 0.42642
12.3444, 0.25808
12.4968, 0.11774
12.6492, 0.20174
12.8016, 0.2194
12.954, 0.061724
13.1064, -0.15128
13.2588, -0.18572
13.4112, -0.070207
13.5636, 0.12839
13.716, 0.37037
13.8684, 0.18048
14.0208, 0.016563
14.1732, 0.072105
14.3256, 0.11223
14.478, 0.3776
14.6304, 0.156
14.7828, -0.25799
14.9352, -0.25675
15.0876, -0.077072
15.24, -0.089376
15.3924, -0.10163
15.5448, -0.038
15.6972, -0.178
15.8496, -0.1145
16.002, -0.089
16.1544, 0.076
16.3068, 0.1015
16.4592, -0.1145
16.6116, 0.1395
16.764, 0.508
16.9164, 0.292
17.0688, -0.0635
17.2212, 0.038
17.3736, 0.419
17.526, 0.686
17.6784, 0.4955
17.8308, 0.203
17.9832, 0.127
18.1356, 0.2795
18.288, 0.1145
18.4404, 0.051
18.5928, 0.038
18.7452, -0.203
18.8976, 0.076
19.05, 0.0255
19.2024, -0.343
19.3548, -0.419
19.5072, -0.4955
19.6596, -0.673
19.812, -0.686
19.9644, -0.9015
20.1168, -1.2955
20.2692, -1.308
20.4216, -1.1305
20.574, -0.9905
20.7264, -1.0415
20.8788, -1.0415
21.0312, -1.1175
21.1836, -1.143
21.336, -1.2445
21.4884, -1.321
21.6408, -1.232
21.7932, -1.2065
21.9456, -1.1685
22.098, -1.067
22.2504, -0.965
22.4028, -1.1685
22.5552, -1.232
22.7076, -1.181
22.86, -1.2955
23.0124, -1.346
23.1648, -1.2065
23.3172, -1.1175
23.4696, -1.0795
23.622, -1.219
23.7744, -1.359
23.9268, -1.397
24.0792, -1.524
24.2316, -1.3715
24.384, -1.194
24.5364, -1.105
24.6888, -1.1555
24.8412, -1.1555
24.9936, -0.9525
25.146, -0.927
25.2984, -1.181
25.4508, -1.092
25.6032, -1.0415
25.7556, -1.219
25.908, -1.092
26.0604, -0.965
26.2128, -0.9145
26.3652, -1.0285
26.5176, -1.2065
26.67, -1.0285
26.8224, -1.0285
26.9748, -1.219
27.1272, -0.927
27.2796, -0.673
27.432, -0.889
27.5844, -1.1305
27.7368, -0.9905
27.8892, -0.762
28.0416, -0.7495
28.194, -0.8635
28.3464, -0.9905
28.4988, -0.978
28.6512, -0.978
28.8036, -0.838
28.956, -0.584
29.1084, -0.724
29.2608, -0.94
29.4132, -0.8765
29.5656, -0.9905
29.718, -1.105
29.8704, -1.0795
30.0228, -1.1685
30.1752, -1.143
30.3276, -1.0415
30.48, -1.27
30.6324, -1.435
30.7848, -1.232
30.9372, -1.143
31.0896, -1.0415
31.242, -0.9525
31.3944, -1.2065
31.5468, -1.4095
31.6992, -1.2445
31.8516, -1.1555
32.004, -1.359
32.1564, -1.4985
32.3088, -1.4985
32.4612, -1.2445
32.6136, -1.1175
32.766, -1.3715
32.9184, -1.4985
33.0708, -1.3845
33.2232, -1.0415
33.3756, -1.2065
33.528, -1.194
33.6804, -0.978
33.8328, -1.143
33.9852, -1.0285
34.1376, -0.94
34.29, -0.7495
34.4424, -0.686
34.5948, -0.724
34.7472, -0.4955
34.8996, -0.381
35.052, -0.3685
35.2044, -0.2795
35.3568, -0.4065
35.5092, -0.3685
35.6616, -0.076
35.814, 0.0125
35.9664, 0
36.1188, -0.089
36.2712, 0.0125
36.4236, 0.2415
36.576, 0.2665
36.7284, 0.3555
36.8808, 0.546
37.0332, 0.508
37.1856, 0.457
37.338, 0.4445
37.4904, 0.6605
37.6428, 0.9145
37.7952, 0.927
37.9476, 0.9905
38.1, 1.181
38.2524, 1.3845
38.4048, 1.219
38.5572, 1.0415
38.7096, 1.067
38.862, 1.054
39.0144, 1.2575
39.1668, 1.1685
39.3192, 1.0795
39.4716, 1.1175
39.624, 0.8
39.7764, 0.5335
39.9288, 0.5715
40.0812, 0.4955
40.2336, 0.216
40.386, 0.038
40.5384, 0
40.6908, -0.0255
40.8432, -0.1905
40.9956, -0.3175
41.148, -0.419
41.3004, -0.673
41.4528, -0.711
41.6052, -0.8255
41.7576, -1.1175
41.91, -1.181
42.0624, -1.435
42.2148, -1.5365
42.3672, -1.6
42.5196, -1.8035
42.672, -1.6765
42.8244, -1.5365
42.9768, -1.524
43.1292, -1.613
43.2816, -1.7655
43.434, -1.562
43.5864, -1.2955
43.7388, -1.2445
43.8912, -1.1305
44.0436, -1.1305
44.196, -1.194
44.3484, -1.232
44.5008, -1.092
44.6532, -0.889
44.8056, -0.978
44.958, -0.978
45.1104, -0.813
45.2628, -0.8
45.4152, -0.8765
45.5676, -0.813
45.72, -0.6605
45.8724, -0.6605
46.0248, -0.6225
46.1772, -0.432
46.3296, -0.419
46.482, -0.5205
46.6344, -0.457
46.7868, -0.419
46.9392, -0.33
47.0916, -0.3935
47.244, -0.5715
47.3964, -0.381
47.5488, -0.3175
47.7012, -0.2415
47.8536, -0.076
48.006, 0.0125
48.1584, -0.051
48.3108, -0.1015
48.4632, 0.0635
48.6156, 0.292
48.768, 0.292
48.9204, 0.254
49.0728, 0.6095
49.2252, 0.978
49.3776, 1.2445
49.53, 1.2445
49.6824, 1.1305
49.8348, 1.321
49.9872, 1.346
50.1396, 1.2445
50.292, 1.2445
50.4444, 1.0415
50.5968, 1.181
50.7492, 1.4605
50.9016, 1.359
51.054, 1.054
51.2064, 1.0035
51.3588, 0.9015
51.5112, 0.4955
51.6636, 0.292
51.816, 0.1395
51.9684, -0.038
52.1208, 0.0125
52.2732, 0.203
52.4256, -0.0125
52.578, -0.419
52.7304, -0.673
52.8828, -0.686
53.0352, -0.508
53.1876, -0.254
53.34, -0.2665
53.4924, -0.381
53.6448, -0.127
53.7972, -0.216
53.9496, -0.381
54.102, -0.343
54.2544, -0.4065
54.4068, -0.33
54.5592, -0.2415
54.7116, -0.343
54.864, -0.508
55.0164, -0.292
55.1688, 0.1395
55.3212, 0.0635
55.4736, 0.1395
55.626, 0.1525
55.7784, 0.0125
55.9308, 0.4955
56.0832, 0.4955
56.2356, 0.2795
56.388, 0.5335
56.5404, 0.597
56.6928, 0.457
56.8452, 0.432
56.9976, 0.584
57.15, 0.546
57.3024, 0.5205
57.4548, 0.6605
57.6072, 0.7365
57.7596, 0.8
57.912, 0.9145
58.0644, 1.0415
58.2168, 1.27
58.3692, 1.2575
58.5216, 1.181
58.674, 1.397
58.8264, 1.5365
58.9788, 1.613
59.1312, 1.5875
59.2836, 1.575
59.436, 1.486
59.5884, 1.473
59.7408, 1.6
59.8932, 1.4095
60.0456, 1.219
60.198, 1.27
60.3504, 1.3335
60.5028, 1.143
60.6552, 0.927
60.8076, 0.9905
60.96, 0.965
61.1124, 0.8765
61.2648, 1.0795
61.4172, 1.2445
61.5696, 1.2825
61.722, 1.0285
61.8744, 0.7875
62.0268, 1.0285
62.1792, 1.219
62.3316, 1.27
62.484, 1.2065
62.6364, 1.0035
62.7888, 1.105
62.9412, 1.194
63.0936, 1.067
63.246, 1.0035
63.3984, 0.978
63.5508, 0.8765
63.7032, 0.851
63.8556, 0.9145
64.008, 0.8765
64.1604, 0.7365
64.3128, 0.7745
64.4652, 0.6985
64.6176, 0.6985
64.77, 0.6985
64.9224, 0.5205
65.0748, 0.6605
65.2272, 0.927
65.3796, 0.8
65.532, 0.584
65.6844, 0.635
65.8368, 0.5715
65.9892, 0.508
66.1416, 0.559
66.294, 0.711
66.4464, 0.8
66.5988, 0.7365
66.7512, 0.597
66.9036, 0.5205
67.056, 0.5715
67.2084, 0.5715
67.3608, 0.762
67.5132, 1.016
67.6656, 0.94
67.818, 0.6985
67.9704, 0.978
68.1228, 1.194
68.2752, 1.2065
68.4276, 1.2825
68.58, 1.2825
68.7324, 1.4985
68.8848, 1.2955
69.0372, 1.346
69.1896, 1.562
69.342, 1.448
69.4944, 1.6765
69.6468, 1.8795
69.7992, 1.6765
69.9516, 1.6635
70.104, 1.943
70.2564, 1.981
70.4088, 1.8925
70.5612, 1.956
70.7136, 1.8035
70.866, 1.7905
71.0184, 2.083
71.1708, 2.159
71.3232, 2.083
71.4756, 2.032
71.628, 1.981
71.7804, 1.943
71.9328, 2.083
72.0852, 2.1715
72.2376, 2.121
72.39, 2.2605
72.5424, 2.3875
72.6948, 2.2735
72.8472, 2.2225
72.9996, 2.3115
73.152, 2.362
73.3044, 2.248
73.4568, 1.8795
73.6092, 1.5115
73.7616, 1.219
73.914, 1.0035
74.0664, 1.308
74.2188, 1.346
74.3712, 1.143
74.5236, 1.2955
74.676, 1.321
74.8284, 1.397
74.9808, 1.359
75.1332, 1.219
75.2856, 1.143
75.438, 1.054
75.5904, 1.143
75.7428, 1.232
75.8952, 1.1555
76.0476, 1.067
76.2, 1.016
76.3524, 1.219
76.5048, 1.308
76.6572, 1.0285
76.8096, 0.8
76.962, 0.584
77.1144, 0.7365
77.2668, 0.711
77.4192, 0.3175
77.5716, 0.3555
77.724, 0.4445
77.8764, 0.673
78.0288, 0.5335
78.1812, 0.1145
78.3336, 0.216
78.486, 0.4445
78.6384, 0.724
78.7908, 0.584
78.9432, 0.089
79.0956, -0.1525
79.248, -0.3685
79.4004, -0.216
79.5528, -0.0635
79.7052, -0.292
79.8576, -0.47
80.01, -0.432
80.1624, -0.3555
80.3148, -0.508
80.4672, -0.5715
80.6196, -0.457
80.772, -0.305
80.9244, -0.203
81.0768, -0.3175
81.2292, -0.4825
81.3816, -0.6475
81.534, -0.6225
81.6864, -0.419
81.8388, -0.6605
81.9912, -0.711
82.1436, -0.419
82.296, -0.203
82.4484, -0.2415
82.6008, -0.4065
82.7532, -0.4955
82.9056, -0.457
83.058, -0.1525
83.2104, -0.0255
83.3628, -0.305
83.5152, -0.457
83.6676, -0.432
83.82, -0.1525
83.9724, 0.1395
84.1248, -0.051
84.2772, -0.178
84.4296, -0.2665
84.582, -0.2415
84.7344, 0.1015
84.8868, 0.038
85.0392, -0.2285
85.1916, -0.089
85.344, 0.254
85.4964, 0.4445
85.6488, 0.33
85.8012, 0.3175
85.9536, 0.3935
86.106, 0.4065
86.2584, 0.559
86.4108, 0.4445
86.5632, 0.0255
86.7156, -0.178
86.868, -0.1395
87.0204, 0.0125
87.1728, 0.203
87.3252, 0.254
87.4776, 0.165
87.63, 0.0255
87.7824, 0.038
87.9348, 0.254
88.0872, 0.2415
88.2396, 0.076
88.392, 0.165
88.5444, 0.419
88.6968, 0.4955
88.8492, 0.3685
89.0016, 0.3175
89.154, 0.292
89.3064, 0.3175
89.4588, 0.559
89.6112, 0.851
89.7636, 0.7365
89.916, 0.635
90.0684, 0.7365
90.2208, 0.724
90.3732, 0.851
90.5256, 0.9145
90.678, 1.067
90.8304, 1.2445
90.9828, 0.927
91.1352, 0.7495
91.2876, 1.0035
91.44, 1.2445
91.5924, 1.308
91.7448, 1.1685
91.8972, 1.0285
92.0496, 1.0795
92.202, 1.1175
92.3544, 1.0795
92.5068, 1.0035
92.6592, 0.584
92.8116, 0.076
92.964, -0.254
93.1164, -0.432
93.2688, -0.5335
93.4212, -0.711
93.5736, -0.8765
93.726, -0.673
93.8784, -0.4445
94.0308, -0.47
94.1832, -0.6475
94.3356, -0.686
94.488, -0.4825
94.6404, -0.546
94.7928, -0.762
94.9452, -0.7365
95.0976, -0.5715
95.25, -0.635
95.4024, -0.8635
95.5548, -0.9015
95.7072, -0.927
95.8596, -1.054
96.012, -0.9015
96.1644, -0.6225
96.3168, -0.686
96.4692, -0.711
96.6216, -0.546
96.774, -0.4445
96.9264, -0.3555
97.0788, -0.33
97.2312, -0.4445
97.3836, -0.3555
97.536, -0.3555
97.6884, -0.6095
97.8408, -0.546
97.9932, -0.381
98.1456, -0.305
98.298, -0.1015
98.4504, 0
98.6028, 0.076
98.7552, 0
98.9076, -0.076
99.06, 0.0635
99.2124, 0.203
99.3648, 0.2795
99.5172, 0.33
99.6696, 0.419
99.822, 0.3555
99.9744, 0.381
100.1268, 0.4445
100.2792, 0.1905
100.4316, 0.1395
100.584, 0.2415
100.7364, 0.089
100.8888, 0
101.0412, -0.038
101.1936, -0.2665
101.346, -0.5335
101.4984, -0.584
101.6508, -0.4825
101.8032, -0.6225
101.9556, -0.7745
102.108, -0.6605
102.2604, -0.711
102.4128, -0.6225
102.5652, -0.457
102.7176, -0.4955
102.87, -0.5205
103.0224, -0.47
103.1748, -0.432
103.3272, -0.47
103.4796, -0.4065
103.632, -0.381
103.7844, -0.2415
103.9368, -0.089
104.0892, -0.203
104.2416, -0.254
104.394, -0.038
104.5464, -0.0125
104.6988, -0.038
104.8512, 0.1525
105.0036, 0.3555
105.156, 0.7365
105.3084, 0.711
105.4608, 0.584
105.6132, 0.711
105.7656, 1.0035
105.918, 0.978
106.0704, 0.597
106.2228, 0.6095
106.3752, 0.8255
106.5276, 0.9015
106.68, 0.635
106.8324, 0.5205
106.9848, 0.597
107.1372, 0.457
107.2896, 0.8765
107.442, 1.0415
107.5944, 0.686
107.7468, 0.635
107.8992, 0.597
108.0516, 0.673
108.204, 0.7495
108.3564, 0.762
108.5088, 0.7745
108.6612, 0.7365
108.8136, 0.8635
108.966, 0.9145
109.1184, 0.711
109.2708, 0.5205
109.4232, 0.559
109.5756, 0.6225
109.728, 0.635
109.8804, 0.8
110.0328, 0.762
110.1852, 0.3935
110.3376, 0.5205
110.49, 0.8765
110.6424, 0.851
110.7948, 0.47
110.9472, 0.203
111.0996, 0.2665
111.252, 0.2665
111.4044, 0.1525
111.5568, 0.1015
111.7092, 0.089
111.8616, 0.051
112.014, 0.089
112.1664, 0.1145
112.3188, -0.038
112.4712, -0.0635
112.6236, 0.076
112.776, -0.051
112.9284, -0.1905
113.0808, -0.216
113.2332, -0.216
113.3856, -0.254
113.538, -0.584
113.6904, -0.838
113.8428, -0.4955
113.9952, -0.1525
114.1476, -0.432
114.3, -0.9525
114.4524, -1.219
114.6048, -1.3845
114.7572, -1.346
114.9096, -1.2065
115.062, -1.321
115.2144, -1.5365
115.3668, -1.6635
115.5192, -1.4095
115.6716, -1.359
115.824, -1.6765
115.9764, -1.778
116.1288, -1.6635
116.2812, -1.4605
116.4336, -1.689
116.586, -1.8415
116.7384, -1.854
116.8908, -2.0195
117.0432, -2.1715
117.1956, -2.3495
117.348, -2.2985
117.5004, -2.4005
117.6528, -2.6035
117.8052, -2.6415
117.9576, -2.7305
118.11, -2.8195
118.2624, -2.8065
118.4148, -2.845
118.5672, -2.9335
118.7196, -2.8575
118.872, -2.8065
119.0244, -2.6415
119.1768, -2.6925
119.3292, -2.705
119.4816, -2.54
119.634, -2.629
119.7864, -2.756
119.9388, -2.6415
120.0912, -2.5275
120.2436, -2.629
120.396, -2.578
120.5484, -2.6035
120.7008, -2.6925
120.8532, -2.6925
121.0056, -2.7685
121.158, -2.6925
121.3104, -2.705
121.4628, -2.8195
121.6152, -2.629
121.7676, -2.6415
121.92, -2.7815
122.0724, -2.8065
122.2248, -2.8065
122.3772, -2.337
122.5296, -2.591
122.682, -3.1115
122.8344, -2.883
122.9868, -2.87
123.1392, -2.667
123.2916, -2.667
123.444, -2.9335
123.5964, -2.997
123.7488, -2.9335
123.9012, -2.5655
124.0536, -2.2985
124.206, -2.3495
124.3584, -2.5275
124.5108, -2.6925
124.6632, -2.6795
124.8156, -2.5275
124.968, -2.413
125.1204, -2.362
125.2728, -2.197
125.4252, -2.0955
125.5776, -2.197
125.73, -2.21
125.8824, -2.0065
126.0348, -1.956
126.1872, -2.0065
126.3396, -1.994
126.492, -1.981
126.6444, -2.0195
126.7968, -1.9305
126.9492, -1.6385
127.1016, -1.575
127.254, -1.702
127.4064, -1.816
127.5588, -1.9175
127.7112, -1.943
127.8636, -1.905
128.016, -1.8925
128.1684, -2.0065
128.3208, -1.8795
128.4732, -1.308
128.6256, -1.473
128.778, -1.8925
128.9304, -1.702
129.0828, -1.524
129.2352, -1.346
129.3876, -1.321
129.54, -1.4605
129.6924, -1.613
129.8448, -1.702
129.9972, -1.435
130.1496, -1.3715
130.302, -1.562
130.4544, -1.524
130.6068, -1.5115
130.7592, -1.321
130.9116, -1.346
131.064, -1.524
131.2164, -1.575
131.3688, -1.7905
131.5212, -2.083
131.6736, -2.2985
131.826, -2.235
131.9784, -2.0575
132.1308, -1.994
132.2832, -1.8035
132.4356, -1.575
132.588, -1.6635
132.7404, -1.651
132.8928, -1.2825
133.0452, -0.889
133.1976, -1.0035
133.35, -1.232
133.5024, -1.1555
133.6548, -0.9145
133.8072, -0.838
133.9596, -0.686
134.112, -0.457
134.2644, -0.4065
134.4168, -0.2795
134.5692, -0.127
134.7216, -0.33
134.874, -0.5335
135.0264, -0.2285
135.1788, 0.089
135.3312, -0.0125
135.4836, -0.1525
135.636, -0.305
135.7884, -0.4955
135.9408, -0.33
136.0932, -0.0125
136.2456, -0.0255
136.398, 0.0125
136.5504, 0.0255
136.7028, -0.038
136.8552, 0.1145
137.0076, 0.203
ENDTABLE
#DiagramOne1
ISIDE 2
Z_PROFILE_TABLE LINEAR_LOOP
0.3048, -0.9145
0.4572, -0.76194
0.6096, -0.77434
0.762, -0.92604
0.9144, -1.051
1.0668, -1.0376
1.2192, -0.97676
1.3716, -0.67545
1.524, -0.34519
1.6764, -0.27231
1.8288, -0.14285
1.9812, -0.34277
2.1336, -0.70429
2.286, -0.43884
2.4384, -0.1542
2.5908, 0.022607
2.7432, 0.22175
2.8956, 0.34018
3.048, 0.21326
3.2004, -0.0081263
3.3528, 0.086168
3.5052, 0.31322
3.6576, 0.45114
3.81, 0.47306
3.9624, 0.57099
4.1148, 0.36351
4.2672, 0.16645
4.4196, 0.19445
4.572, 0.13261
4.7244, 0.20195
4.8768, 0.10742
5.0292, 0.2712
5.1816, 0.70738
5.334, 0.69857
5.4864, 0.55424
5.6388, 0.58968
5.7912, 0.87844
5.9436, 1.0198
6.096, 0.95424
6.2484, 0.86696
6.4008, 0.79647
6.5532, 1.0344
6.7056, 1.2097
6.858, 1.0814
7.0104, 1.0602
7.1628, 1.0216
7.3152, 0.78111
7.4676, 0.67245
7.62, 0.78723
7.7724, 1.0719
7.9248, 1.27
8.0772, 1.2409
8.2296, 0.93709
8.382, 0.72183
8.5344, 0.81662
8.6868, 0.90984
8.8392, 0.9664
8.9916, 0.97732
9.144, 1.0046
9.2964, 1.0521
9.4488, 0.91357
9.6012, 0.77494
9.7536, 0.95631
9.906, 1.1588
10.0584, 1.3343
10.2108, 1.6692
10.3632, 1.8316
10.5156, 1.6276
10.668, 1.4115
10.8204, 1.3381
10.9728, 1.371
11.1252, 1.4626
11.2776, 1.5037
11.43, 1.5657
11.5824, 1.5838
11.7348, 1.6217
11.8872, 1.5405
12.0396, 1.2556
12.192, 1.2424
12.3444, 1.2255
12.4968, 1.1054
12.6492, 1.2395
12.8016, 1.5694
12.954, 1.6476
13.1064, 1.4404
13.2588, 1.1381
13.4112, 0.95925
13.5636, 1.1101
13.716, 1.135
13.8684, 1.0543
14.0208, 0.97062
14.1732, 1.0057
14.3256, 1.046
14.478, 0.9093
14.6304, 0.72209
14.7828, 0.62023
14.9352, 0.5444
15.0876, 0.41872
15.24, 0.30509
15.3924, 0.41906
15.5448, 0.6475
15.6972, 0.813
15.8496, 0.6095
16.002, 0.635
16.1544, 0.8635
16.3068, 0.711
16.4592, 0.6225
16.6116, 0.851
16.764, 1.1555
16.9164, 0.965
17.0688, 0.4825
17.2212, 0.178
17.3736, 0.089
17.526, 0.3685
17.6784, 0.559
17.8308, 0.3685
17.9832, 0.2285
18.1356, 0.0635
18.288, -0.089
18.4404, 0.1145
18.5928, 0.4825
18.7452, 0.6095
18.8976, 0.3935
19.05, 0.1145
19.2024, -0.0255
19.3548, -0.2285
19.5072, -0.3175
19.6596, -0.508
19.812, -0.838
19.9644, -0.813
20.1168, -0.673
20.2692, -0.711
20.4216, -1.0415
20.574, -1.346
20.7264, -1.5875
20.8788, -1.7525
21.0312, -1.575
21.1836, -1.3335
21.336, -1.2955
21.4884, -1.3335
21.6408, -1.308
21.7932, -1.3335
21.9456, -1.3845
22.098, -1.194
22.2504, -0.94
22.4028, -1.0415
22.5552, -1.4095
22.7076, -1.727
22.86, -1.7525
23.0124, -1.5495
23.1648, -1.27
23.3172, -1.0035
23.4696, -1.232
23.622, -1.74
23.7744, -1.8925
23.9268, -1.4605
24.0792, -1.016
24.2316, -1.0035
24.384, -0.978
24.5364, -1.1305
24.6888, -1.3335
24.8412, -1.232
24.9936, -1.1175
25.146, -1.0415
25.2984, -0.927
25.4508, -0.851
25.6032, -0.851
25.7556, -0.851
25.908, -1.067
26.0604, -1.1175
26.2128, -0.9145
26.3652, -0.8255
26.5176, -0.762
26.67, -0.686
26.8224, -0.6985
26.9748, -0.8255
27.1272, -0.851
27.2796, -0.6985
27.432, -0.6095
27.5844, -0.851
27.7368, -0.546
27.8892, -0.292
28.0416, -0.7495
28.194, -0.94
28.3464, -0.927
28.4988, -0.8635
28.6512, -0.7875
28.8036, -0.8255
28.956, -1.0035
29.1084, -1.1555
29.2608, -1.0285
29.4132, -0.851
29.5656, -0.838
29.718, -0.8255
29.8704, -0.762
30.0228, -0.7875
30.1752, -0.94
30.3276, -1.054
30.48, -1.1555
30.6324, -1.219
30.7848, -1.2955
30.9372, -1.4095
31.0896, -1.359
31.242, -1.3335
31.3944, -1.3845
31.5468, -1.308
31.6992, -1.232
31.8516, -1.1685
32.004, -1.2575
32.1564, -1.613
32.3088, -2.0065
32.4612, -2.1465
32.6136, -1.829
32.766, -1.448
32.9184, -1.4095
33.0708, -1.3335
33.2232, -1.3715
33.3756, -1.3715
33.528, -1.27
33.6804, -1.321
33.8328, -1.181
33.9852, -1.1175
34.1376, -1.2445
34.29, -1.2445
34.4424, -1.143
34.5948, -1.016
34.7472, -0.6605
34.8996, -0.5205
35.052, -0.9525
35.2044, -0.838
35.3568, -0.3685
35.5092, -0.3685
35.6616, -0.381
35.814, -0.203
35.9664, -0.051
36.1188, -0.2285
36.2712, -0.5335
36.4236, -0.584
36.576, -0.4825
36.7284, -0.2795
36.8808, -0.254
37.0332, -0.3685
37.1856, -0.3175
37.338, -0.1395
37.4904, -0.127
37.6428, -0.1525
37.7952, 0.1905
37.9476, 0.2795
38.1, -0.0125
38.2524, 0.1525
38.4048, 0.6225
38.5572, 0.6225
38.7096, 0.381
38.862, 0.305
39.0144, 0.2415
39.1668, 0.2285
39.3192, 0.305
39.4716, 0.508
39.624, 0.305
39.7764, 0.0635
39.9288, 0.1145
40.0812, -0.0255
40.2336, -0.305
40.386, -0.4825
40.5384, -0.3685
40.6908, -0.381
40.8432, -0.3555
40.9956, -0.305
41.148, -0.4825
41.3004, -0.94
41.4528, -1.092
41.6052, -0.7745
41.7576, -0.5335
41.91, -0.9525
42.0624, -1.4985
42.2148, -1.5495
42.3672, -1.702
42.5196, -1.5495
42.672, -1.4095
42.8244, -1.524
42.9768, -1.6
43.1292, -1.435
43.2816, -1.181
43.434, -1.143
43.5864, -0.762
43.7388, -0.4445
43.8912, -0.7495
44.0436, -1.181
44.196, -1.194
44.3484, -0.927
44.5008, -0.8635
44.6532, -0.7745
44.8056, -0.6985
44.958, -0.813
45.1104, -0.8635
45.2628, -0.6985
45.4152, -0.4825
45.5676, -0.292
45.72, -0.254
45.8724, -0.343
46.0248, -0.3175
46.1772, -0.216
46.3296, -0.1015
46.482, -0.051
46.6344, 0.038
46.7868, 0.0635
46.9392, -0.0125
47.0916, -0.1145
47.244, -0.1905
47.3964, 0.1145
47.5488, 0.47
47.7012, 0.432
47.8536, 0.419
48.006, 0.4825
48.1584, 0.3175
48.3108, 0.254
48.4632, 0.6225
48.6156, 0.9905
48.768, 1.016
48.9204, 0.9525
49.0728, 1.0285
49.2252, 0.965
49.3776, 0.5205
49.53, 0.305
49.6824, 0.5205
49.8348, 0.724
49.9872, 0.813
50.1396, 0.889
50.292, 0.9015
50.4444, 0.9145
50.5968, 0.9905
50.7492, 1.016
50.9016, 1.0415
51.054, 1.105
51.2064, 1.1685
51.3588, 1.219
51.5112, 0.965
51.6636, 0.381
51.816, -0.216
51.9684, -0.5205
52.1208, -0.4955
52.2732, -0.216
52.4256, -0.0635
52.578, -0.343
52.7304, -0.8
52.8828, -0.9015
53.0352, -0.8635
53.1876, -1.0795
53.34, -1.2065
53.4924, -1.194
53.6448, -0.7745
53.7972, -0.2415
53.9496, 0.076
54.102, 0.254
54.2544, 0.1525
54.4068, 0.0125
54.5592, -0.1395
54.7116, -0.2665
54.864, -0.1525
55.0164, 0.1905
55.1688, 0.2795
55.3212, 0.2285
55.4736, 0.381
55.626, 0.5715
55.7784, 0.4445
55.9308, 0.419
56.0832, 0.559
56.2356, 0.4825
56.388, 0.673
56.5404, 0.8
56.6928, 0.711
56.8452, 0.711
56.9976, 0.8
57.15, 0.978
57.3024, 1.054
57.4548, 1.0415
57.6072, 1.1305
57.7596, 1.2575
57.912, 1.346
58.0644, 1.3715
58.2168, 1.346
58.3692, 1.6255
58.5216, 1.6
58.674, 1.194
58.8264, 1.4605
58.9788, 1.8415
59.1312, 1.956
59.2836, 2.083
59.436, 2.1845
59.5884, 1.8415
59.7408, 1.473
59.8932, 1.3335
60.0456, 1.143
60.198, 1.105
60.3504, 1.1175
60.5028, 1.0415
60.6552, 1.2575
60.8076, 1.6255
60.96, 1.448
61.1124, 1.2825
61.2648, 1.092
61.4172, 0.978
61.5696, 1.232
61.722, 1.5495
61.8744, 1.74
62.0268, 1.575
62.1792, 1.3845
62.3316, 1.1305
62.484, 1.105
62.6364, 1.829
62.7888, 2.07
62.9412, 1.5495
63.0936, 1.4605
63.246, 1.435
63.3984, 1.092
63.5508, 1.016
63.7032, 1.092
63.8556, 1.092
64.008, 1.1555
64.1604, 0.9145
64.3128, 0.851
64.4652, 0.978
64.6176, 0.7365
64.77, 0.5205
64.9224, 0.47
65.0748, 0.559
65.2272, 0.6095
65.3796, 0.7365
65.532, 0.8765
65.6844, 0.8635
65.8368, 0.8255
65.9892, 0.711
66.1416, 0.635
66.294, 0.9145
66.4464, 1.143
66.5988, 0.9015
66.7512, 0.6985
66.9036, 0.724
67.056, 1.219
67.2084, 1.702
67.3608, 1.7145
67.5132, 1.689
67.6656, 1.778
67.818, 1.7655
67.9704, 1.6765
68.1228, 1.702
68.2752, 1.6385
68.4276, 1.7145
68.58, 1.9305
68.7324, 1.956
68.8848, 1.8925
69.0372, 1.7905
69.1896, 1.9175
69.342, 2.2605
69.4944, 2.4765
69.6468, 2.4385
69.7992, 2.0065
69.9516, 1.727
70.104, 1.816
70.2564, 1.943
70.4088, 2.2225
70.5612, 2.5525
70.7136, 2.4385
70.866, 2.2605
71.0184, 2.3495
71.1708, 2.1465
71.3232, 1.905
71.4756, 1.943
71.628, 2.0195
71.7804, 1.9175
71.9328, 1.7905
72.0852, 1.867
72.2376, 2.1845
72.39, 2.4385
72.5424, 2.502
72.6948, 2.451
72.8472, 2.286
72.9996, 2.3495
73.152, 2.337
73.3044, 2.1845
73.4568, 2.375
73.6092, 2.5275
73.7616, 2.3115
73.914, 2.159
74.0664, 2.159
74.2188, 2.2985
74.3712, 2.324
74.5236, 2.2225
74.676, 2.2735
74.8284, 2.235
74.9808, 1.9685
75.1332, 1.7145
75.2856, 1.6635
75.438, 1.6255
75.5904, 1.7655
75.7428, 1.778
75.8952, 1.7525
76.0476, 1.943
76.2, 1.867
76.3524, 1.575
76.5048, 1.702
76.6572, 1.727
76.8096, 1.6255
76.962, 1.7905
77.1144, 1.448
77.2668, 1.105
77.4192, 1.219
77.5716, 1.473
77.724, 1.3335
77.8764, 1.067
78.0288, 0.9525
78.1812, 0.838
78.3336, 0.7875
78.486, 0.724
78.6384, 0.813
78.7908, 0.9905
78.9432, 0.813
79.0956, 0.2285
79.248, 0.165
79.4004, 0.457
79.5528, 0.33
79.7052, 0.038
79.8576, -0.1525
80.01, -0.127
80.1624, 0.051
80.3148, 0.038
80.4672, -0.089
80.6196, 0.0125
80.772, 0.0125
80.9244, 0.076
81.0768, 0.2795
81.2292, 0.292
81.3816, 0.1395
81.534, -0.076
81.6864, -0.165
81.8388, -0.127
81.9912, -0.1145
82.1436, -0.216
82.296, -0.432
82.4484, -0.546
82.6008, -0.5205
82.7532, -0.5335
82.9056, -0.762
83.058, -0.6985
83.2104, -0.5205
83.3628, -0.6095
83.5152, -0.5205
83.6676, -0.419
83.82, -0.5335
83.9724, -0.6985
84.1248, -0.4825
84.2772, -0.5335
84.4296, -0.8765
84.582, -0.8
84.7344, -0.4955
84.8868, -0.343
85.0392, -0.343
85.1916, -0.2665
85.344, -0.038
85.4964, 0.1145
85.6488, 0.2285
85.8012, 0.432
85.9536, 0.419
86.106, 0.203
86.2584, -0.089
86.4108, -0.1395
86.5632, -0.2285
86.7156, -0.3685
86.868, -0.33
87.0204, -0.1015
87.1728, -0.038
87.3252, -0.178
87.4776, 0.0635
87.63, 0.0125
87.7824, -0.292
87.9348, -0.343
88.0872, -0.47
88.2396, -0.546
88.392, -0.4955
88.5444, -0.254
88.6968, -0.038
88.8492, -0.1905
89.0016, -0.33
89.154, -0.2665
89.3064, -0.1525
89.4588, -0.076
89.6112, 0.0635
89.7636, 0.1905
89.916, 0.178
90.0684, 0.178
90.2208, 0.584
90.3732, 0.9015
90.5256, 0.8765
90.678, 0.9015
90.8304, 0.851
90.9828, 0.8635
91.1352, 1.143
91.2876, 1.4225
91.44, 1.5115
91.5924, 1.486
91.7448, 1.3335
91.8972, 1.27
92.0496, 1.3715
92.202, 1.308
92.3544, 1.181
92.5068, 1.016
92.6592, 0.4825
92.8116, 0.1905
92.964, 0.292
93.1164, 0.33
93.2688, 0.038
93.4212, -0.4825
93.5736, -0.7875
93.726, -0.8635
93.8784, -0.838
94.0308, -0.9145
94.1832, -0.9145
94.3356, -0.8635
94.488, -0.9145
94.6404, -0.7875
94.7928, -0.8255
94.9452, -0.584
95.0976, -0.127
95.25, -0.4825
95.4024, -0.9905
95.5548, -1.1305
95.7072, -1.181
95.8596, -0.9905
96.012, -0.889
96.1644, -1.232
96.3168, -1.5495
96.4692, -1.5875
96.6216, -1.346
96.774, -1.2825
96.9264, -1.2445
97.0788, -1.1175
97.2312, -0.8255
97.3836, -0.432
97.536, -0.546
97.6884, -0.7745
97.8408, -0.6225
97.9932, -0.4825
98.1456, -0.5205
98.298, -0.4825
98.4504, -0.381
98.6028, -0.3175
98.7552, -0.343
98.9076, -0.3685
99.06, -0.3685
99.2124, -0.305
99.3648, -0.3935
99.5172, -0.432
99.6696, -0.4955
99.822, -0.432
99.9744, -0.2665
100.1268, -0.673
100.2792, -0.724
100.4316, -0.203
100.584, -0.0635
100.7364, -0.2285
100.8888, -0.3555
101.0412, -0.4825
101.1936, -0.6095
101.346, -0.6095
101.4984, -0.635
101.6508, -1.2955
101.8032, -1.8795
101.9556, -1.689
102.108, -1.448
102.2604, -1.3715
102.4128, -1.4225
102.5652, -1.6
102.7176, -1.613
102.87, -1.3845
103.0224, -0.9525
103.1748, -0.7365
103.3272, -1.0285
103.4796, -1.3335
103.632, -1.4225
103.7844, -1.321
103.9368, -1.359
104.0892, -1.3845
104.2416, -1.219
104.394, -1.181
104.5464, -1.181
104.6988, -1.1685
104.8512, -1.0035
105.0036, -0.889
105.156, -0.94
105.3084, -1.194
105.4608, -1.4225
105.6132, -1.4095
105.7656, -1.321
105.918, -1.2575
106.0704, -1.2445
106.2228, -1.2445
106.3752, -1.2575
106.5276, -1.0795
106.68, -0.584
106.8324, -0.254
106.9848, -0.419
107.1372, -0.5715
107.2896, -0.5715
107.442, -0.381
107.5944, -0.0635
107.7468, 0.1525
107.8992, 0.381
108.0516, 0.47
108.204, 0.2665
108.3564, 0.1525
108.5088, 0.076
108.6612, 0.076
108.8136, 0.076
108.966, 0.076
109.1184, 0.3175
109.2708, 0.4955
109.4232, 0.4825
109.5756, 0.597
109.728, 0.673
109.8804, 0.4825
110.0328, 0.305
110.1852, 0.305
110.3376, 0.3685
110.49, 0.4445
110.6424, 0.508
110.7948, 0.724
110.9472, 0.8255
111.0996, 0.546
111.252, 0.292
111.4044, 0.203
111.5568, 0.5205
111.7092, 0.7365
111.8616, 0.5335
112.014, 0.457
112.1664, 0.546
112.3188, 0.5715
112.4712, 0.3685
112.6236, 0.254
112.776, 0.165
112.9284, 0.0125
113.0808, 0.0635
113.2332, -0.1015
113.3856, -0.419
113.538, -0.546
113.6904, -0.711
113.8428, -0.5335
113.9952, -0.2415
114.1476, -0.4825
114.3, -0.762
114.4524, -0.6605
114.6048, -0.546
114.7572, -0.6985
114.9096, -0.813
115.062, -0.762
115.2144, -0.686
115.3668, -0.8635
115.5192, -0.965
115.6716, -0.762
115.824, -0.851
115.9764, -1.181
116.1288, -1.232
116.2812, -1.1175
116.4336, -1.0795
116.586, -1.2825
116.7384, -1.613
116.8908, -1.689
117.0432, -1.524
117.1956, -1.702
117.348, -2.032
117.5004, -2.159
117.6528, -2.248
117.8052, -1.956
117.9576, -1.8415
118.11, -2.0195
118.2624, -1.981
118.4148, -2.032
118.5672, -2.0955
118.7196, -2.083
118.872, -1.9685
119.0244, -1.8925
119.1768, -2.197
119.3292, -2.21
119.4816, -2.21
119.634, -2.54
119.7864, -2.5275
119.9388, -2.2605
120.0912, -1.778
120.2436, -1.943
120.396, -2.2735
120.5484, -2.1465
120.7008, -2.0445
120.8532, -2.159
121.0056, -2.2985
121.158, -2.1845
121.3104, -2.032
121.4628, -1.905
121.6152, -1.74
121.7676, -1.7525
121.92, -1.905
122.0724, -1.9175
122.2248, -2.0575
122.3772, -2.159
122.5296, -2.083
122.682, -1.829
122.8344, -1.74
122.9868, -1.7905
123.1392, -1.5495
123.2916, -1.575
123.444, -1.9175
123.5964, -2.1845
123.7488, -2.0195
123.9012, -2.0445
124.0536, -2.121
124.206, -1.9685
124.3584, -2.121
124.5108, -2.083
124.6632, -2.121
124.8156, -2.235
124.968, -2.2225
125.1204, -1.8925
125.2728, -1.435
125.4252, -1.486
125.5776, -1.7525
125.73, -1.9685
125.8824, -2.0955
126.0348, -2.121
126.1872, -2.197
126.3396, -2.1335
126.492, -1.9685
126.6444, -1.9305
126.7968, -1.981
126.9492, -2.0955
127.1016, -2.235
127.254, -2.3115
127.4064, -2.337
127.5588, -2.413
127.7112, -2.4255
127.8636, -2.375
128.016, -2.3495
128.1684, -2.286
128.3208, -2.1465
128.4732, -2.108
128.6256, -2.1335
128.778, -2.121
128.9304, -2.121
129.0828, -1.905
129.2352, -1.8925
129.3876, -2.197
129.54, -2.4385
129.6924, -2.5525
129.8448, -2.629
129.9972, -2.5655
130.1496, -2.4255
130.302, -2.578
130.4544, -2.362
130.6068, -2.0575
130.7592, -1.9305
130.9116, -1.981
131.064, -2.4385
131.2164, -2.578
131.3688, -2.108
131.5212, -2.0065
131.6736, -2.337
131.826, -2.2735
131.9784, -1.905
132.1308, -1.778
132.2832, -2.1335
132.4356, -2.21
132.588, -2.083
132.7404, -2.083
132.8928, -2.1465
133.0452, -2.3495
133.1976, -2.413
133.35, -2.375
133.5024, -2.4005
133.6548, -2.121
133.8072, -1.8795
133.9596, -1.8035
134.112, -1.6385
134.2644, -1.4985
134.4168, -1.359
134.5692, -1.2955
134.7216, -1.0285
134.874, -0.546
135.0264, -0.3685
135.1788, -0.546
135.3312, -0.673
135.4836, -0.9015
135.636, -1.3335
135.7884, -1.435
135.9408, -1.346
136.0932, -1.308
136.2456, -1.308
136.398, -1.27
136.5504, -1.181
136.7028, -1.092
136.8552, -1.054
137.0076, -0.9145
ENDTABLE
#RadioCtrl0 0    
#RadioCtrl1 0    



#EMBEDDED_NOTES
#Example measured road roughness data.
#
#Road roughness is additional elevation in the road that is applied in the path of the left and right tires.  Click on the "?" for more detailed information.
#END_EMBEDDED_NOTES

LOG_ENTRY Used Dataset: Surface: Roughness Profiles; { * * * CYBRIX: Road Roughnesses } Bumpy
#Library : Surface: Roughness Profiles
#DataSet : Bumpy
#Category: * * * CYBRIX: Road Roughnesses
#FileID  : Profile_1d146259-3f38-481d-8a95-3ddbbeffeb28
#Product : TruckSim 2020.1
#VehCode Roughness Profile

END
