PARSFILE
#FullDataName Surface: Roughness Profiles`Grade 1`* * * CYBRIX: Road Roughnesses
#CheckBox0 0    

#RingCtrl0 LINEAR_LOOP
#DiagramOne0
ISIDE 1
Z_PROFILE_TABLE LINEAR_LOOP
0, -0.13815
0.1, -0.523
0.2, 1.0199
0.3, 0.0809
0.4, -0.36713
0.5, -0.12901
0.6, -0.25523
0.7, -0.19884
0.8, 0.25443
0.9, 0.5425
1, 0.30092
1.1, -1.1494
1.2, 0.26779
1.3, -0.52305
1.4, -0.95995
1.5, 1.2838
1.6, -0.012146
1.7, 0.8497
1.8, -0.6095
1.9, 0.17547
2, 0.76275
2.1, -0.6035
2.2, -0.872
2.3, -0.34569
2.4, 0.28077
2.5, 0.32798
2.6, -0.36814
2.7, 0.45033
2.8, -0.908
2.9, -0.5243
3, 0.16048
3.1, -0.28596
3.2, 0.11799
3.3, -0.80735
3.4, 0.71735
3.5, 0.19489
3.6, -0.18726
3.7, 0.5639
3.8, -0.087295
3.9, 0.042635
4, 0.598
4.1, -0.14791
4.2, 0.63955
4.3, -0.46086
4.4, -0.10326
4.5, -0.52295
4.6, -0.36214
4.7, -0.35112
4.8, -0.019883
4.9, -0.22451
5, -0.76745
5.1, -0.14014
5.2, -0.39836
5.3, 0.5537
5.4, -0.37176
5.5, -0.10283
5.6, 0.031922
5.7, 0.33021
5.8, 0.34385
5.9, 0.39117
6, 0.47118
6.1, 0.08774
6.2, 0.03602
6.3, 0.094065
6.4, -0.073185
6.5, 0.25844
6.6, -0.17349
6.7, -0.24684
6.8, 0.40049
6.9, -0.6859
7, 0.48532
7.1, 0.33154
7.2, 0.22673
7.3, -0.10336
7.4, 0.48283
7.5, -0.39779
7.6, -0.42762
7.7, -0.40699
7.8, -0.21643
7.9, -0.62065
8, -0.04893
8.1, 0.45748
8.2, 0.19645
8.3, 0.081995
8.4, 0.26717
8.5, -0.18954
8.6, -0.41
8.7, -0.72765
8.8, -0.11694
8.9, 0.94365
9, -0.3262
9.1, -1.5168
9.2, -0.31551
9.3, -0.25318
9.4, -0.23767
9.5, -0.21907
9.6, -1.0692
9.7, -0.38327
9.8, -0.1304
9.9, 0.086005
10, -0.37345
10.1, 0.497
10.2, -0.092385
10.3, 1.0268
10.4, 0.19004
10.5, -0.58725
10.6, 0.29317
10.7, -0.1695
10.8, 0.6207
10.9, -0.55005
11, -0.22951
11.1, -0.37304
11.2, 0.0011676
11.3, 0.22076
11.4, 0.10758
11.5, -0.37605
11.6, 0.13756
11.7, 0.1463
11.8, 0.38659
11.9, 0.06783
12, 0.30443
12.1, 0.2448
12.2, -0.875
12.3, -0.23224
12.4, 0.25487
12.5, 0.30462
12.6, -0.28025
12.7, 0.59235
12.8, -0.6096
12.9, -0.10146
13, -0.17304
13.1, -0.038168
13.2, -0.67725
13.3, 0.73445
13.4, -0.30356
13.5, 0.025623
13.6, 0.3049
13.7, 0.21771
13.8, -0.43685
13.9, 0.29528
14, -0.83415
14.1, -0.29367
14.2, 0.024059
14.3, 0.05984
14.4, 0.42097
14.5, 0.29309
14.6, 0.79615
14.7, 1.4392
14.8, 0.5355
14.9, 0.7272
15, 0.48727
15.1, -0.17213
15.2, 0.15286
15.3, -0.080435
15.4, 0.49129
15.5, -0.14895
15.6, 0.16019
15.7, 0.13023
15.8, 0.07201
15.9, 0.1455
16, 0.16615
16.1, 0.21421
16.2, 0.093565
16.3, -1.8482
16.4, -0.37935
16.5, 0.09542
16.6, 0.4143
16.7, 0.52345
16.8, 0.034717
16.9, 0.13154
17, 0.76705
17.1, 0.13778
17.2, -0.040092
17.3, -0.15651
17.4, 1.171
17.5, 1.1973
17.6, 0.5474
17.7, 0.017826
17.8, -0.14955
17.9, 0.44589
18, 0.043683
18.1, 0.71715
18.2, 0.12001
18.3, 0.17205
18.4, 0.22556
18.5, -0.39272
18.6, 0.91835
18.7, 0.19901
18.8, 0.3636
18.9, -0.47396
19, -0.29023
19.1, -0.6164
19.2, -0.30222
19.3, 0.09407
19.4, -0.24127
19.5, -0.54105
19.6, 0.70425
19.7, 0.34228
19.8, 0.074655
19.9, -0.11254
20, 0.22576
20.1, 0.07554
20.2, 0.21488
20.3, 0.12142
20.4, -0.10729
20.5, 0.194
20.6, -0.606
20.7, 0.8222
20.8, -0.25413
20.9, -0.6346
21, -0.35318
21.1, 0.26339
21.2, 0.41611
21.3, -0.30602
21.4, -0.16098
21.5, -0.41762
21.6, -0.30896
21.7, -0.05329
21.8, -0.6495
21.9, -0.58995
22, 0.5165
22.1, 0.20371
22.2, 1.5437
22.3, -1.1804
22.4, 0.9978
22.5, 0.46962
22.6, -0.31291
22.7, 0.59975
22.8, 1.5373
22.9, -0.3915
23, 0.61845
23.1, 1.1421
23.2, 0.53495
23.3, 0.4052
23.4, -0.17408
23.5, -0.7264
23.6, 0.17824
23.7, 0.3547
23.8, -0.40059
23.9, 0.43862
24, 0.45426
24.1, 0.4332
24.2, -0.29413
24.3, 0.14495
24.4, 0.09129
24.5, 0.05386
24.6, -0.5055
24.7, -0.36317
24.8, -0.5996
24.9, -0.94035
25, -0.15079
25.1, 0.45945
25.2, -0.14761
25.3, -0.53865
25.4, -0.25027
25.5, 1.6604
25.6, 0.045402
25.7, -0.69245
25.8, 0.665
25.9, 0.09727
26, 0.32437
26.1, -0.3181
26.2, 0.049895
26.3, -0.07718
26.4, 0.29184
26.5, -0.07032
26.6, -1.1021
26.7, 0.1009
26.8, -1.2011
26.9, -0.6782
27, 0.259
27.1, 0.26172
27.2, 0.35741
27.3, -0.25574
27.4, -0.26404
27.5, 0.18991
27.6, 0.85165
27.7, -0.9834
27.8, -0.18774
27.9, 0.72165
28, -0.15207
28.1, 0.12909
28.2, 0.37018
28.3, -0.12899
28.4, -0.44853
28.5, 1.1933
28.6, -0.09872
28.7, -0.28106
28.8, -0.35873
28.9, 0.38781
29, 0.07497
29.1, 0.12983
29.2, 0.88465
29.3, -0.8655
29.4, -0.31005
29.5, -0.72095
29.6, 0.27105
29.7, 0.32853
29.8, -0.40987
29.9, -0.5647
30, -0.17366
30.1, -0.7981
30.2, 0.16212
30.3, 0.033159
30.4, -0.064585
30.5, 0.28095
30.6, 1.1105
30.7, 0.061925
30.8, -0.75425
30.9, -0.31755
31, -0.14927
31.1, 1.1164
31.2, -0.029797
31.3, 0.05549
31.4, 0.3284
31.5, 0.08506
31.6, -0.35331
31.7, 0.054185
31.8, 0.10713
31.9, 0.29957
32, -0.40779
32.1, 0.8562
32.2, 0.3605
32.3, -0.80575
32.4, -0.1808
32.5, -0.60455
32.6, -0.054385
32.7, 0.5924
32.8, -0.1696
32.9, -0.043881
33, 0.5434
33.1, -0.35209
33.2, 0.24749
33.3, 0.12579
33.4, 0.24144
33.5, 0.31007
33.6, 0.6496
33.7, 0.11422
33.8, -0.26202
33.9, 0.15212
34, 0.26816
34.1, -0.24341
34.2, -0.075325
34.3, 0.15974
34.4, 0.33241
34.5, -0.59545
34.6, -0.34685
34.7, -0.82765
34.8, -0.2345
34.9, -0.12254
35, 0.25877
35.1, -0.08846
35.2, 0.40074
35.3, -0.49604
35.4, 0.013544
35.5, 0.16995
35.6, -0.13393
35.7, 0.25223
35.8, -0.31278
35.9, -0.16997
36, 0.9777
36.1, -0.5227
36.2, -0.23336
36.3, -0.046101
36.4, -0.5957
36.5, 0.46265
36.6, 0.22843
36.7, -0.20669
36.8, -0.6488
36.9, -0.7813
37, -0.16398
37.1, 0.12434
37.2, -0.45166
37.3, -0.47522
37.4, -0.10731
37.5, 0.086125
37.6, -0.011656
37.7, 0.10891
37.8, -0.29671
37.9, -0.8614
38, -0.44311
38.1, -0.0026064
38.2, -0.50615
38.3, -0.14309
38.4, -0.16267
38.5, 0.092215
38.6, -0.47078
38.7, 0.33053
38.8, -0.12689
38.9, 0.67855
39, 0.16536
39.1, 0.035449
39.2, 0.43234
39.3, -0.47923
39.4, -0.092655
39.5, -0.1965
39.6, 0.45298
39.7, 0.13786
39.8, 0.89
39.9, 0.30471
40, 0.038331
40.1, -0.14143
40.2, 0.8511
40.3, -0.025623
40.4, 0.29928
40.5, -0.27871
40.6, -0.5071
40.7, 0.12301
40.8, -0.34699
40.9, 0.37306
41, -0.35799
41.1, -0.20191
41.2, -0.3985
41.3, -0.13557
41.4, -0.6454
41.5, 0.033628
41.6, -0.87085
41.7, -0.44891
41.8, 0.48662
41.9, 0.14594
42, -0.26587
42.1, -0.2456
42.2, 0.30494
42.3, 0.37458
42.4, -0.89195
42.5, 0.6151
42.6, 0.29106
42.7, 0.23459
42.8, 1.4688
42.9, 0.13679
43, 0.10658
43.1, 0.41948
43.2, -0.069045
43.3, 0.44598
43.4, -0.5845
43.5, -0.029322
43.6, 0.25133
43.7, 1.0857
43.8, -0.5686
43.9, -0.094175
44, 0.45395
44.1, -0.37637
44.2, -0.7028
44.3, -0.29694
44.4, 1.0883
44.5, -0.042451
44.6, -0.15534
44.7, 0.20714
44.8, -0.11621
44.9, -0.16632
45, -0.73215
45.1, 0.4291
45.2, -0.016171
45.3, -0.14542
45.4, -0.5285
45.5, 0.23525
45.6, 0.77915
45.7, 0.19537
45.8, -0.30567
45.9, 0.90325
46, -0.18957
46.1, 0.70955
46.2, -0.28875
46.3, -0.16643
46.4, 0.2706
46.5, -0.22971
46.6, -0.5612
46.7, 0.66705
46.8, 0.44194
46.9, -0.07311
47, -0.8092
47.1, -0.5823
47.2, 0.016053
47.3, 0.67465
47.4, 0.11352
47.5, 0.6349
47.6, -0.15504
47.7, -0.1795
47.8, 0.12412
47.9, 0.6628
48, 0.043511
48.1, -0.49411
48.2, -0.27683
48.3, -0.13345
48.4, -0.31854
48.5, 0.56595
48.6, -0.8526
48.7, 0.95845
48.8, -0.12004
48.9, 0.010149
49, -0.8503
49.1, -0.5651
49.2, -0.33205
49.3, -0.5008
49.4, 0.54625
49.5, 0.024968
49.6, 0.35193
49.7, -0.038622
49.8, 0.22712
49.9, 0.1733
50, -0.0555
50.1, 0.034565
50.2, -0.85545
50.3, -0.54355
50.4, 0.28908
50.5, 0.06708
50.6, -0.36533
50.7, 0.35222
50.8, 0.21605
50.9, 0.4338
51, -0.40026
51.1, 0.37337
51.2, 0.18536
51.3, -0.090915
51.4, -0.6083
51.5, 0.33645
51.6, -0.05445
51.7, 0.16354
51.8, 0.38218
51.9, 1.0109
52, 0.32641
52.1, 0.6604
52.2, -0.24619
52.3, 0.51155
52.4, 0.22479
52.5, 0.29989
52.6, 0.30521
52.7, -0.12287
52.8, 0.504
52.9, -0.11044
53, -0.8799
53.1, 0.47659
53.2, -0.3425
53.3, 0.37934
53.4, 0.012431
53.5, -0.066755
53.6, -0.20804
53.7, -0.26942
53.8, 0.4128
53.9, -0.21696
54, 0.42606
54.1, -0.05739
54.2, 0.078755
54.3, -0.40742
54.4, -0.78675
54.5, -0.5516
54.6, -1.11
54.7, -0.13351
54.8, -0.0046565
54.9, -0.70875
55, -0.12648
55.1, -0.10176
55.2, -0.51735
55.3, -0.29809
55.4, 0.26902
55.5, -0.40453
55.6, 0.55355
55.7, -0.34403
55.8, 0.19018
55.9, -0.58305
56, -0.8938
56.1, -0.77865
56.2, 0.09719
56.3, -0.81295
56.4, -0.68065
56.5, -0.26742
56.6, 0.036316
56.7, -0.080695
56.8, 0.46435
56.9, 0.14519
57, -0.019556
57.1, 0.06316
57.2, -0.25836
57.3, 0.17197
57.4, -0.25489
57.5, -0.07873
57.6, -0.032336
57.7, -0.36457
57.8, 0.77015
57.9, -0.090145
58, -0.14475
58.1, -0.34259
58.2, -0.15114
58.3, -0.42777
58.4, -0.017931
58.5, -0.13639
58.6, 0.14812
58.7, -0.08877
58.8, 0.12859
58.9, -0.014827
59, 0.19968
59.1, 0.97895
59.2, 0.32689
59.3, -0.40809
59.4, 0.4672
59.5, 0.042165
59.6, 0.037936
59.7, 0.41906
59.8, 1.1676
59.9, -0.08602
60, 0.98335
60.1, -0.40799
60.2, 0.5889
60.3, -0.017143
60.4, 0.6854
60.5, 0.52415
60.6, -0.26235
60.7, -0.21598
60.8, -0.28754
60.9, -0.14364
61, 1.317
61.1, 0.14484
61.2, -0.080595
61.3, 0.5193
61.4, -0.36065
61.5, -0.41878
61.6, -0.23086
61.7, 0.017239
61.8, 0.82995
61.9, 0.4456
62, -0.75255
62.1, 0.042194
62.2, 0.08816
62.3, -0.20674
62.4, 0.064815
62.5, 0.5425
62.6, -0.23938
62.7, 0.066785
62.8, -0.6115
62.9, -0.38372
63, -0.6203
63.1, 0.23578
63.2, 0.47021
63.3, -0.385
63.4, -0.7886
63.5, 0.15009
63.6, -0.4661
63.7, -0.08461
63.8, -0.7733
63.9, -0.6303
64, 0.57735
64.1, 0.34404
64.2, 0.18039
64.3, 0.05001
64.4, 0.19002
64.5, -0.9342
64.6, 0.3907
64.7, -0.1366
64.8, -0.042445
64.9, -0.21407
65, 0.37561
65.1, -0.52335
65.2, -0.8306
65.3, -0.099195
65.4, 0.73315
65.5, -1.2431
65.6, -0.75445
65.7, -0.9661
65.8, 0.8842
65.9, 0.024414
66, -0.023592
66.1, 0.42939
66.2, -0.18674
66.3, 0.25996
66.4, -0.029452
66.5, 0.042927
66.6, -0.69035
66.7, 0.18235
66.8, -0.50245
66.9, -0.11628
67, -0.9007
67.1, 0.1748
67.2, -0.44748
67.3, -0.13917
67.4, 0.74695
67.5, -0.19565
67.6, -0.12469
67.7, -0.19173
67.8, 1.0039
67.9, 0.5182
68, -0.42517
68.1, 0.43545
68.2, -0.017805
68.3, 0.060995
68.4, -0.46203
68.5, 0.39735
68.6, -0.3605
68.7, 0.7296
68.8, 0.27107
68.9, -0.7393
69, 0.15349
69.1, -0.025939
69.2, 0.19026
69.3, 0.17872
69.4, -0.12768
69.5, 0.7337
69.6, -0.6831
69.7, 0.031777
69.8, 0.36368
69.9, 0.2102
70, -0.85075
70.1, 0.45455
70.2, 0.16121
70.3, -0.38771
70.4, -0.68805
70.5, -0.27622
70.6, -0.14865
70.7, -0.09604
70.8, -0.48738
70.9, 0.016606
71, -0.010751
71.1, -0.5171
71.2, -0.34477
71.3, -0.5011
71.4, 0.49696
71.5, 0.28985
71.6, 0.31359
71.7, 0.10338
71.8, 0.75815
71.9, -0.44365
72, -0.38428
72.1, 0.06438
72.2, 0.38445
72.3, -0.6697
72.4, -0.35719
72.5, 0.67725
72.6, 0.7737
72.7, -0.12955
72.8, 0.33975
72.9, 0.32114
73, 0.06435
73.1, 0.38947
73.2, -0.37045
73.3, -0.7563
73.4, -0.49014
73.5, 0.65355
73.6, -1.6722
73.7, 0.47686
73.8, -0.37046
73.9, -0.013175
74, -0.39462
74.1, -0.14841
74.2, 0.06496
74.3, -0.35684
74.4, -0.30189
74.5, -0.16141
74.6, -0.12573
74.7, 0.32145
74.8, -0.521
74.9, -0.15768
75, -0.8386
75.1, -0.31095
75.2, 0.31914
75.3, -0.5832
75.4, 1.2754
75.5, 0.21205
75.6, -0.49124
75.7, 0.5317
75.8, -0.17903
75.9, -0.89445
76, 0.48932
76.1, 0.72095
76.2, 0.28458
76.3, 0.49056
76.4, 0.27964
76.5, 0.16428
76.6, 0.49014
76.7, -0.09495
76.8, -0.09503
76.9, -0.312
77, 0.50075
77.1, 0.4109
77.2, 0.15196
77.3, 0.38743
77.4, 0.70145
77.5, -0.1609
77.6, -0.11636
77.7, -0.24013
77.8, -0.05676
77.9, 0.5955
78, -0.7679
78.1, 0.046603
78.2, 0.35278
78.3, 0.89675
78.4, 0.29362
78.5, 0.57635
78.6, 0.7019
78.7, 0.23924
78.8, -0.42006
78.9, 0.33235
79, 0.15095
79.1, -0.72785
79.2, -0.82345
79.3, 0.66145
79.4, -0.10669
79.5, 0.031846
79.6, -0.29233
79.7, -1.3753
79.8, 0.42982
79.9, -0.5592
80, 0.086375
80.1, 0.27002
80.2, 0.48314
80.3, 0.5536
80.4, 0.7946
80.5, -0.0006371
80.6, -0.48497
80.7, -0.24576
80.8, -0.20567
80.9, -0.60835
81, -0.0094125
81.1, 0.036527
81.2, -0.9553
81.3, -0.92585
81.4, 0.24839
81.5, -0.55415
81.6, -0.25733
81.7, -0.37378
81.8, 0.36674
81.9, 1.2893
82, -0.20031
82.1, 0.061455
82.2, 0.19642
82.3, 0.2107
82.4, -0.12677
82.5, 0.32684
82.6, 0.31885
82.7, -0.9204
82.8, -0.0081155
82.9, 0.30858
83, -0.018228
83.1, -0.1306
83.2, -0.21593
83.3, -0.30309
83.4, -0.56625
83.5, -0.3131
83.6, 0.41801
83.7, -0.3493
83.8, 0.5044
83.9, 0.056415
84, 0.27291
84.1, -0.16778
84.2, -0.61185
84.3, -0.74935
84.4, -0.25859
84.5, 0.31687
84.6, -0.6306
84.7, 0.59985
84.8, 0.36568
84.9, -0.35558
85, -0.31176
85.1, 0.83565
85.2, -0.31909
85.3, 0.23551
85.4, 0.6657
85.5, -0.49103
85.6, -0.6979
85.7, -0.582
85.8, -0.50575
85.9, 0.26728
86, 0.13454
86.1, 0.065795
86.2, -0.3104
86.3, 0.25731
86.4, -0.13396
86.5, 0.5705
86.6, 0.8372
86.7, 0.7502
86.8, 0.15798
86.9, -0.43596
87, 0.51115
87.1, -0.47687
87.2, 0.10948
87.3, -0.027446
87.4, 0.06044
87.5, 0.35676
87.6, 1.2095
87.7, -0.48575
87.8, -0.45003
87.9, -0.6858
88, 0.83455
88.1, -0.5599
88.2, 0.35158
88.3, -0.13822
88.4, -0.07599
88.5, -0.32318
88.6, -0.44478
88.7, -0.90845
88.8, -0.18682
88.9, 0.49717
89, 0.23297
89.1, 0.20509
89.2, -0.5602
89.3, -0.89145
89.4, -0.48946
89.5, 0.212
89.6, 0.06093
89.7, 0.32447
89.8, 0.78395
89.9, 0.6992
90, 0.5263
90.1, 0.044991
90.2, 0.6226
90.3, -0.01903
90.4, 0.8601
90.5, 0.047474
90.6, 0.025989
90.7, 0.15674
90.8, -0.56495
90.9, -0.39702
91, -0.038102
91.1, 0.22516
91.2, 0.13262
91.3, 0.7045
91.4, -0.83055
91.5, -0.016504
91.6, -0.07361
91.7, 1.1889
91.8, 0.2472
91.9, -0.7951
92, 0.64025
92.1, -0.0038229
92.2, 0.22151
92.3, 0.20762
92.4, -0.027206
92.5, -0.9984
92.6, 0.16833
92.7, 0.23039
92.8, -0.062245
92.9, 0.35367
93, -0.16487
93.1, 0.45693
93.2, -0.34603
93.3, -0.014139
93.4, 0.7362
93.5, 0.41361
93.6, -0.38305
93.7, -0.39533
93.8, 0.956
93.9, 0.6325
94, 0.09011
94.1, 0.2177
94.2, -0.036007
94.3, 0.13942
94.4, 0.19584
94.5, 0.98645
94.6, -0.88725
94.7, 0.56805
94.8, 1.293
94.9, 0.32643
95, 0.14899
95.1, 0.069465
95.2, 0.013697
95.3, -0.040927
95.4, -0.56825
95.5, -0.82335
95.6, -0.12155
95.7, -0.6294
95.8, 0.13703
95.9, 0.19401
96, -0.43652
96.1, -0.40319
96.2, 0.06143
96.3, 0.40714
96.4, 0.095265
96.5, 1.1329
96.6, -0.22387
96.7, -0.4612
96.8, -0.56795
96.9, 0.37329
97, -0.6818
97.1, -0.5372
97.2, 0.27393
97.3, -0.010975
97.4, -0.3424
97.5, 0.98995
97.6, 0.055905
97.7, -0.31434
97.8, -0.22828
97.9, 0.78815
98, -0.10977
98.1, 0.51445
98.2, 0.7674
98.3, -0.6042
98.4, 0.017839
98.5, -0.44584
98.6, -0.5521
98.7, 0.378
98.8, 0.14575
98.9, 0.27009
99, 0.44375
99.1, -0.6456
99.2, 0.64815
99.3, -0.07016
99.4, 0.0137
99.5, -0.35676
99.6, 0.014451
99.7, -0.42851
99.8, -0.67275
99.9, 0.6981
100, -0.13815
ENDTABLE
#DiagramOne1
ISIDE 2
Z_PROFILE_TABLE LINEAR_LOOP
0, -0.49739
0.1, -0.00066585
0.2, 0.4322
0.3, -0.9007
0.4, -0.49049
0.5, 0.097275
0.6, -0.61455
0.7, -0.40394
0.8, -0.35605
0.9, -0.48822
1, 0.15957
1.1, 0.48007
1.2, 0.84375
1.3, -0.34051
1.4, -0.5283
1.5, 0.765
1.6, 0.06757
1.7, 0.6361
1.8, -0.24865
1.9, -0.17861
2, -0.064495
2.1, -0.6563
2.2, 0.33085
2.3, -0.60685
2.4, -1.1239
2.5, 0.12793
2.6, 0.7562
2.7, -0.067705
2.8, -0.37667
2.9, 0.63655
3, -0.12788
3.1, -0.098435
3.2, 0.12551
3.3, 0.81335
3.4, 0.2375
3.5, -0.24606
3.6, -0.16101
3.7, 0.050795
3.8, 0.026124
3.9, 0.39337
4, 0.070835
4.1, 0.031414
4.2, 0.38643
4.3, -0.41481
4.4, 0.2212
4.5, -0.5057
4.6, 0.11958
4.7, -1.1162
4.8, -0.6167
4.9, 0.60415
5, -0.080485
5.1, 0.34923
5.2, -0.34071
5.3, 0.38053
5.4, -0.023675
5.5, -0.006864
5.6, 0.49219
5.7, 0.41985
5.8, -0.10257
5.9, -1.0034
6, -0.49774
6.1, -0.10849
6.2, 0.22822
6.3, 0.11963
6.4, -1.0314
6.5, -0.29449
6.6, 0.45043
6.7, -0.17722
6.8, 0.17799
6.9, -0.070945
7, -0.16991
7.1, -0.5576
7.2, -0.47363
7.3, 0.026275
7.4, 0.10492
7.5, -0.49719
7.6, 0.23308
7.7, 0.27524
7.8, 0.20005
7.9, -0.22653
8, 0.80255
8.1, -0.16703
8.2, 0.22068
8.3, -0.33655
8.4, -0.30583
8.5, 0.15328
8.6, 0.28736
8.7, 0.54505
8.8, 0.12226
8.9, -0.6341
9, 0.8023
9.1, -0.61365
9.2, -0.092395
9.3, 0.26659
9.4, 0.16543
9.5, 0.54385
9.6, -0.738
9.7, 0.22715
9.8, 0.37906
9.9, -0.45031
10, 0.18835
10.1, -1.0622
10.2, 0.26932
10.3, 1.1782
10.4, 0.14901
10.5, -0.696
10.6, 0.25281
10.7, -0.19906
10.8, -0.07754
10.9, 1.2716
11, -1.0747
11.1, -0.54465
11.2, -1.2824
11.3, -0.30569
11.4, 0.5365
11.5, 0.1912
11.6, -0.40085
11.7, 0.09928
11.8, -0.59545
11.9, 0.07851
12, -0.6024
12.1, 0.12463
12.2, 0.058445
12.3, 0.45303
12.4, 0.2595
12.5, -0.072675
12.6, 0.39359
12.7, 0.43505
12.8, -0.49597
12.9, 0.13919
13, 0.17663
13.1, 0.31574
13.2, 0.47869
13.3, -1.0792
13.4, -0.20681
13.5, -0.23085
13.6, -0.52415
13.7, -0.8896
13.8, -0.010708
13.9, 0.12995
14, -0.6911
14.1, 0.6321
14.2, 0.65905
14.3, -0.68865
14.4, 0.96485
14.5, -1.1899
14.6, -1.1944
14.7, 0.19595
14.8, 0.11937
14.9, 0.21449
15, -0.16966
15.1, -0.64825
15.2, -0.26813
15.3, 0.32899
15.4, -0.21326
15.5, 0.5714
15.6, -0.6912
15.7, -0.41527
15.8, 0.28293
15.9, 1.0877
16, -0.37942
16.1, -0.8619
16.2, -0.29639
16.3, 0.028687
16.4, -0.93375
16.5, 0.84825
16.6, 0.31448
16.7, -1.095
16.8, -0.51045
16.9, 0.015658
17, -0.29309
17.1, -0.23196
17.2, 0.37799
17.3, 0.13306
17.4, 0.94665
17.5, 0.29819
17.6, 0.65015
17.7, 0.29355
17.8, -0.058505
17.9, 0.39184
18, 0.12057
18.1, -0.11463
18.2, 0.27593
18.3, -0.67835
18.4, -0.33331
18.5, 1.3202
18.6, 1.5167
18.7, -0.6117
18.8, -0.7155
18.9, -0.20553
19, -0.22841
19.1, 0.44653
19.2, 0.10429
19.3, -0.065575
19.4, 0.71425
19.5, 0.1594
19.6, -0.62135
19.7, -0.44769
19.8, 0.40991
19.9, 0.078725
20, 0.45272
20.1, 0.41325
20.2, -0.34274
20.3, -0.40408
20.4, 0.24107
20.5, 0.095565
20.6, -0.051875
20.7, -0.1257
20.8, 0.68595
20.9, 0.28066
21, 0.30641
21.1, -0.22533
21.2, 0.42048
21.3, 0.37161
21.4, -1.1119
21.5, -0.011199
21.6, 0.49623
21.7, 0.53215
21.8, -0.31644
21.9, -0.34014
22, 0.43527
22.1, 1.0685
22.2, 0.06515
22.3, 0.34099
22.4, 1.1677
22.5, 0.017483
22.6, 0.8128
22.7, -0.18654
22.8, -1.0347
22.9, -1.0572
23, -0.35146
23.1, 1.0639
23.2, 0.03897
23.3, 0.25401
23.4, 0.57805
23.5, 0.30656
23.6, -0.19371
23.7, 0.9171
23.8, -0.2285
23.9, 0.16804
24, -0.90265
24.1, -0.6038
24.2, 1.3203
24.3, 0.55315
24.4, 0.28672
24.5, 0.3429
24.6, -1.1299
24.7, -0.54325
24.8, 0.37946
24.9, 0.69295
25, -0.48127
25.1, -0.46539
25.2, 0.15857
25.3, -0.35537
25.4, 0.61535
25.5, 0.52165
25.6, 0.045881
25.7, -0.3296
25.8, -0.14028
25.9, -0.43533
26, 0.05104
26.1, -0.3993
26.2, -0.9169
26.3, -0.14343
26.4, -0.93655
26.5, -0.51455
26.6, 0.04429
26.7, -0.47642
26.8, -0.0036835
26.9, -0.52505
27, -0.07917
27.1, 0.5411
27.2, -0.21264
27.3, -0.7387
27.4, 0.27852
27.5, -0.41635
27.6, -0.21191
27.7, 0.14372
27.8, 0.55855
27.9, -0.31606
28, -0.26332
28.1, -0.26667
28.2, 0.58965
28.3, -0.43532
28.4, 0.063575
28.5, -0.52885
28.6, -0.041271
28.7, -0.13083
28.8, 0.39293
28.9, -0.12387
29, -0.32414
29.1, -0.079585
29.2, -0.31194
29.3, -0.32589
29.4, 0.24348
29.5, -0.24359
29.6, 0.22234
29.7, -0.38573
29.8, 0.10432
29.9, -0.2348
30, 0.49915
30.1, 0.78435
30.2, 0.06489
30.3, -0.54635
30.4, -0.22434
30.5, 0.17169
30.6, -0.23472
30.7, 0.2841
30.8, 0.10046
30.9, 0.021195
31, -0.24254
31.1, -0.044316
31.2, 0.033042
31.3, -0.083985
31.4, -0.15255
31.5, 0.71875
31.6, -0.6248
31.7, 0.22998
31.8, 0.13129
31.9, 0.19425
32, 0.26465
32.1, 0.95385
32.2, 0.29698
32.3, -0.0705
32.4, 0.037705
32.5, 0.70505
32.6, 0.14463
32.7, 0.5459
32.8, -0.21521
32.9, 0.33581
33, 0.16081
33.1, -0.018239
33.2, 0.68875
33.3, -0.15469
33.4, -0.8789
33.5, 0.48315
33.6, -0.16722
33.7, 0.42464
33.8, -0.09789
33.9, -0.23159
34, 0.0013686
34.1, -0.9342
34.2, 0.0046872
34.3, -0.099815
34.4, -0.6329
34.5, 0.21586
34.6, 0.8174
34.7, 0.5021
34.8, -0.066695
34.9, 0.5871
35, -0.42833
35.1, 0.5942
35.2, 0.14566
35.3, -0.55325
35.4, 0.13331
35.5, -0.10867
35.6, 0.28929
35.7, -0.22431
35.8, 0.44282
35.9, 0.7842
36, 0.3641
36.1, 0.17413
36.2, 1.0478
36.3, 1.1088
36.4, 0.68665
36.5, -0.24612
36.6, -0.035629
36.7, 0.15429
36.8, -0.3498
36.9, -0.039477
37, 0.7162
37.1, 0.12369
37.2, 0.30894
37.3, 0.21662
37.4, 0.67085
37.5, 0.08438
37.6, 0.18463
37.7, 0.12727
37.8, -0.05404
37.9, -0.219
38, 0.067
38.1, -0.86225
38.2, 0.73375
38.3, 0.31065
38.4, 0.10174
38.5, -0.27965
38.6, 0.48652
38.7, -1.3125
38.8, 0.33837
38.9, -0.103
39, -0.40095
39.1, -0.7131
39.2, -0.502
39.3, 0.54755
39.4, 0.31204
39.5, -0.14389
39.6, -0.81485
39.7, -0.56815
39.8, 0.098805
39.9, 1.0112
40, -0.9329
40.1, -0.018165
40.2, -0.82475
40.3, 0.51185
40.4, 0.22265
40.5, 0.5424
40.6, 0.48164
40.7, 0.00070145
40.8, -0.51185
40.9, -0.42921
41, -0.34308
41.1, 0.49155
41.2, 0.14785
41.3, 0.68935
41.4, 0.2001
41.5, -0.026521
41.6, 0.73515
41.7, -0.6613
41.8, -0.1811
41.9, 0.94645
42, 0.036268
42.1, 0.27992
42.2, -0.22827
42.3, -0.26681
42.4, 0.071895
42.5, 0.019437
42.6, 1.1235
42.7, 0.5411
42.8, 0.575
42.9, 0.8707
43, -0.22348
43.1, -0.46381
43.2, 0.018648
43.3, -0.59985
43.4, -0.49485
43.5, 0.8692
43.6, -0.064515
43.7, -0.27198
43.8, 0.10445
43.9, 0.21927
44, -0.9876
44.1, 0.11
44.2, -0.33864
44.3, -0.7338
44.4, -0.62385
44.5, -0.1705
44.6, 0.7338
44.7, 0.48399
44.8, 0.54935
44.9, -0.22031
45, -0.1785
45.1, -0.1488
45.2, -0.78255
45.3, 0.11929
45.4, -0.68555
45.5, -0.12413
45.6, -0.045884
45.7, -1.1803
45.8, 0.6475
45.9, -0.081365
46, -0.5432
46.1, -0.3532
46.2, 0.15476
46.3, 0.23669
46.4, 0.44487
46.5, 0.51425
46.6, 0.8447
46.7, -0.47419
46.8, 0.19287
46.9, -0.12227
47, -0.1141
47.1, 0.12585
47.2, 0.28058
47.3, -0.11669
47.4, 0.6867
47.5, -0.055485
47.6, 0.033573
47.7, -0.20048
47.8, 0.26398
47.9, -0.43668
48, 0.051705
48.1, -0.18393
48.2, 0.23153
48.3, -0.23341
48.4, -0.036097
48.5, 0.1644
48.6, 0.08554
48.7, -0.075015
48.8, 0.33625
48.9, 0.5311
49, -0.12783
49.1, -0.533
49.2, -0.37785
49.3, 0.24846
49.4, -0.11649
49.5, 0.28583
49.6, -0.33367
49.7, 0.15088
49.8, 0.6695
49.9, 0.46897
50, -0.20175
50.1, 0.103
50.2, 0.989
50.3, 0.15593
50.4, -0.14757
50.5, -0.7156
50.6, 0.2824
50.7, 0.42941
50.8, -0.50255
50.9, -0.67715
51, -0.752
51.1, 0.1279
51.2, 0.1577
51.3, -0.43529
51.4, 0.6455
51.5, -0.08219
51.6, 0.0144
51.7, -0.06015
51.8, -0.27948
51.9, 0.31341
52, -1.1027
52.1, -1.2074
52.2, -0.43046
52.3, -0.36207
52.4, -0.093815
52.5, 0.74265
52.6, -0.3263
52.7, -0.4274
52.8, -0.24304
52.9, 0.062495
53, 0.4439
53.1, 0.36484
53.2, 0.42696
53.3, -0.19886
53.4, -0.13767
53.5, -0.7566
53.6, 0.69115
53.7, -0.32843
53.8, 0.25189
53.9, 0.9653
54, 0.09914
54.1, -0.88565
54.2, 0.20711
54.3, -0.298
54.4, -0.23684
54.5, -0.77675
54.6, 0.13793
54.7, -1.1034
54.8, 0.18469
54.9, -0.12754
55, 0.21488
55.1, 0.6736
55.2, 0.28353
55.3, 0.16723
55.4, 0.5039
55.5, 0.7406
55.6, 0.31137
55.7, -0.33078
55.8, -0.6334
55.9, 0.5227
56, -0.6102
56.1, 0.025249
56.2, -0.135
56.3, 0.029632
56.4, -0.36392
56.5, -0.23672
56.6, 0.6428
56.7, -0.236
56.8, -0.76235
56.9, -0.14117
57, -0.15052
57.1, 0.3626
57.2, 0.5826
57.3, 0.53295
57.4, 0.53685
57.5, -0.027616
57.6, -0.8702
57.7, 0.027629
57.8, -0.6342
57.9, -1.1491
58, -0.269
58.1, 0.20148
58.2, 0.7738
58.3, -0.20644
58.4, 0.6341
58.5, -0.34442
58.6, 0.71185
58.7, -0.5
58.8, -0.27842
58.9, 0.19395
59, -0.5435
59.1, -0.025954
59.2, -0.90665
59.3, -0.21221
59.4, -0.49394
59.5, 0.16721
59.6, 0.23603
59.7, 0.49748
59.8, -0.05518
59.9, -0.072675
60, 0.17635
60.1, 0.2685
60.2, -0.80625
60.3, 0.40674
60.4, -0.48805
60.5, 0.33764
60.6, -0.30613
60.7, -0.49291
60.8, -0.21171
60.9, 0.45943
61, 0.7834
61.1, 0.67085
61.2, -0.78715
61.3, -0.49578
61.4, 0.038795
61.5, -0.959
61.6, 0.15651
61.7, 0.24294
61.8, -0.010946
61.9, 0.82315
62, -1.19
62.1, -0.8443
62.2, -0.3211
62.3, -0.34173
62.4, 0.63
62.5, -0.64955
62.6, -1.1723
62.7, -0.069375
62.8, 0.40282
62.9, -0.16857
63, 0.27381
63.1, -0.43913
63.2, 0.27311
63.3, -0.13923
63.4, -0.16775
63.5, -1.1157
63.6, -1.0125
63.7, 0.40435
63.8, -0.78445
63.9, 0.22023
64, 0.6359
64.1, 0.5037
64.2, -0.17858
64.3, -0.38904
64.4, 0.5041
64.5, -0.21707
64.6, -0.64145
64.7, 0.088875
64.8, 0.19669
64.9, 0.8782
65, 1.3379
65.1, -0.2569
65.2, 0.38385
65.3, 0.48236
65.4, 0.43052
65.5, 0.44522
65.6, -0.025263
65.7, -0.22504
65.8, 0.07697
65.9, -0.025796
66, 0.72565
66.1, -0.44494
66.2, -0.7898
66.3, -0.072335
66.4, -0.28916
66.5, 0.048663
66.6, -0.7664
66.7, 0.84905
66.8, -0.009649
66.9, 0.15882
67, -0.49173
67.1, 0.36842
67.2, 0.70175
67.3, 0.054445
67.4, -0.29579
67.5, 0.83015
67.6, 0.30406
67.7, 0.32422
67.8, -0.078535
67.9, -0.8047
68, 0.049055
68.1, 0.33018
68.2, -0.5332
68.3, 0.502
68.4, -0.21005
68.5, 1.2526
68.6, -0.023948
68.7, -0.42896
68.8, -0.25897
68.9, -0.22563
69, -0.44061
69.1, 0.078555
69.2, -0.42908
69.3, 0.68655
69.4, -0.10115
69.5, -0.29555
69.6, -0.71
69.7, 0.38144
69.8, -1.0289
69.9, 0.21154
70, -0.11786
70.1, 0.42737
70.2, 0.5831
70.3, 0.49158
70.4, -0.19498
70.5, 0.36271
70.6, -0.39604
70.7, -0.4962
70.8, -0.31867
70.9, 0.8904
71, -0.30203
71.1, 0.8498
71.2, -0.068045
71.3, 0.37626
71.4, 0.04716
71.5, -0.23169
71.6, 0.066315
71.7, 0.11522
71.8, 0.16544
71.9, 0.29906
72, -0.079435
72.1, 0.14656
72.2, -0.52425
72.3, 0.53435
72.4, -0.47885
72.5, -0.012906
72.6, 0.089515
72.7, 0.89105
72.8, -0.16559
72.9, 0.4185
73, 0.47185
73.1, -0.08972
73.2, -0.07394
73.3, 0.2601
73.4, 0.24511
73.5, -0.10566
73.6, 0.20346
73.7, -0.6654
73.8, 0.48442
73.9, 0.9653
74, -0.069275
74.1, -0.12019
74.2, 0.27707
74.3, 0.27902
74.4, -0.67855
74.5, -0.12275
74.6, 0.056195
74.7, 0.028321
74.8, -0.29132
74.9, 0.21255
75, 0.07586
75.1, -0.4711
75.2, 0.40614
75.3, -0.10569
75.4, -0.48793
75.5, 0.073405
75.6, 0.13384
75.7, 0.035369
75.8, -0.7238
75.9, -0.3547
76, 0.45575
76.1, 0.094965
76.2, 0.5697
76.3, 0.8094
76.4, 0.80925
76.5, -0.6008
76.6, 0.052925
76.7, -0.669
76.8, -0.47448
76.9, -0.51595
77, -0.081105
77.1, -0.32991
77.2, 0.08888
77.3, -0.3734
77.4, 0.17369
77.5, 0.15762
77.6, -0.18707
77.7, 1.1022
77.8, 0.5158
77.9, 0.128
78, 0.16886
78.1, -1.4142
78.2, 0.46951
78.3, -0.34396
78.4, 0.038843
78.5, -0.17456
78.6, 0.36618
78.7, -0.08711
78.8, -0.12098
78.9, 0.33891
79, 0.43167
79.1, -0.6206
79.2, 0.41235
79.3, 0.23233
79.4, -0.16575
79.5, -0.43667
79.6, -0.6796
79.7, -0.10941
79.8, -0.38509
79.9, -0.060295
80, 0.29734
80.1, 0.055765
80.2, -0.35176
80.3, -0.48377
80.4, 0.040926
80.5, 0.7437
80.6, -0.4257
80.7, -0.024578
80.8, 0.016369
80.9, 0.15488
81, 0.16814
81.1, -0.9004
81.2, 0.28225
81.3, 0.32095
81.4, 0.59015
81.5, 0.30437
81.6, -0.39559
81.7, 0.017921
81.8, 1.0849
81.9, -0.36157
82, -0.5514
82.1, 0.39131
82.2, 0.045533
82.3, 0.075415
82.4, -0.10417
82.5, 0.95
82.6, -0.18845
82.7, 0.20586
82.8, 0.008424
82.9, 0.24269
83, -0.83545
83.1, -0.5022
83.2, -0.20456
83.3, 1.282
83.4, -0.1712
83.5, -0.24027
83.6, -0.6551
83.7, -0.4592
83.8, 0.25482
83.9, 0.8674
84, 0.7044
84.1, -0.13675
84.2, -0.20261
84.3, 0.38947
84.4, 0.17707
84.5, 1.7557
84.6, 0.3957
84.7, 0.86285
84.8, 1.1079
84.9, 0.07613
85, -0.084835
85.1, -0.24785
85.2, -1.4792
85.3, -1.0724
85.4, 0.4729
85.5, 0.93345
85.6, -0.30373
85.7, -0.17281
85.8, 0.6217
85.9, -0.9156
86, 0.14358
86.1, -0.19442
86.2, 0.61855
86.3, -0.025968
86.4, -0.0034476
86.5, -0.48366
86.6, -1.175
86.7, -0.21078
86.8, -0.16954
86.9, -0.49756
87, -1.0787
87.1, -0.18282
87.2, -0.5535
87.3, 0.36858
87.4, -0.5557
87.5, -0.23171
87.6, -0.48211
87.7, -0.7446
87.8, 0.60625
87.9, 0.6878
88, -0.005131
88.1, -0.044057
88.2, 0.28241
88.3, -0.24984
88.4, 0.5107
88.5, -0.20253
88.6, -0.43026
88.7, -0.48028
88.8, -1.0807
88.9, 0.05465
89, 0.13952
89.1, -0.48827
89.2, -0.031905
89.3, -0.1539
89.4, 0.88085
89.5, 0.50705
89.6, -0.38449
89.7, 0.32399
89.8, 0.664
89.9, -0.36702
90, 0.6693
90.1, 0.14054
90.2, 0.056275
90.3, 0.34715
90.4, 0.85665
90.5, -0.38612
90.6, 0.62205
90.7, -0.11545
90.8, 0.28428
90.9, -0.063675
91, -0.11161
91.1, 0.63575
91.2, 0.26992
91.3, 0.41212
91.4, 0.37078
91.5, 0.06158
91.6, 0.45646
91.7, -0.2165
91.8, 0.07773
91.9, -0.35381
92, 0.09921
92.1, -0.26872
92.2, -0.6444
92.3, -1.1187
92.4, 0.45823
92.5, -0.9213
92.6, 0.86395
92.7, -0.20323
92.8, 0.9583
92.9, -0.66085
93, -0.37762
93.1, -0.18284
93.2, 0.21014
93.3, 2.0263
93.4, -0.19729
93.5, 0.40057
93.6, 0.24505
93.7, -0.22681
93.8, 0.22432
93.9, -0.25226
94, 0.26748
94.1, 0.59045
94.2, -1.4268
94.3, 0.90755
94.4, -0.27917
94.5, -0.36417
94.6, 0.8151
94.7, -0.020691
94.8, -0.6965
94.9, -0.45075
95, -0.28934
95.1, 0.22618
95.2, -0.10657
95.3, 0.28065
95.4, -1.041
95.5, 0.13911
95.6, 0.12283
95.7, 0.813
95.8, -0.012611
95.9, -0.51345
96, 0.081875
96.1, -0.091285
96.2, 0.15352
96.3, 0.13676
96.4, 0.31368
96.5, 0.48668
96.6, 0.32414
96.7, 0.5723
96.8, -0.16345
96.9, 0.5028
97, -0.0061725
97.1, -0.32203
97.2, 0.5078
97.3, 0.34898
97.4, -0.45602
97.5, 0.16371
97.6, 0.21477
97.7, -1.0351
97.8, -0.47597
97.9, -0.39245
98, -0.10496
98.1, -0.30621
98.2, 0.66695
98.3, 0.5751
98.4, -0.015183
98.5, -0.13672
98.6, -0.29248
98.7, 0.11966
98.8, 0.056055
98.9, -0.8317
99, 0.17512
99.1, 1.4262
99.2, 0.41756
99.3, 0.6789
99.4, 0.11645
99.5, -0.037989
99.6, -0.038497
99.7, -0.45951
99.8, 0.07429
99.9, 0.7458
100, -0.49739
ENDTABLE
#RadioCtrl0 0    
#RadioCtrl1 0    



#EMBEDDED_NOTES
#Example measured road roughness data.
#
#Road roughness is additional elevation in the road that is applied in the path of the left and right tires.  Click on the "?" for more detailed information.
#END_EMBEDDED_NOTES

LOG_ENTRY Used Dataset: Surface: Roughness Profiles; { * * * CYBRIX: Road Roughnesses } Grade 1
#Library : Surface: Roughness Profiles
#DataSet : Grade 1
#Category: * * * CYBRIX: Road Roughnesses
#FileID  : Profile_7c2518c6-31f0-4de6-8e4e-557e7f9674ba
#Product : TruckSim 2020.1
#VehCode Roughness Profile

END
