PARSFILE
#FullDataName Surface: Roughness Profiles`Grade 2`* * * CYBRIX: Road Roughnesses
#CheckBox0 0    

#RingCtrl0 LINEAR_LOOP
#DiagramOne0
ISIDE 1
Z_PROFILE_TABLE LINEAR_LOOP
0, -0.2763
0.1, -1.046
0.2, 2.0399
0.3, 0.1618
0.4, -0.73426
0.5, -0.25803
0.6, -0.51047
0.7, -0.39767
0.8, 0.50886
0.9, 1.085
1, 0.60184
1.1, -2.2988
1.2, 0.53558
1.3, -1.0461
1.4, -1.9199
1.5, 2.5676
1.6, -0.024293
1.7, 1.6994
1.8, -1.219
1.9, 0.35095
2, 1.5255
2.1, -1.207
2.2, -1.744
2.3, -0.69139
2.4, 0.56154
2.5, 0.65596
2.6, -0.73628
2.7, 0.90067
2.8, -1.816
2.9, -1.0486
3, 0.32096
3.1, -0.57192
3.2, 0.23598
3.3, -1.6147
3.4, 1.4347
3.5, 0.38977
3.6, -0.37451
3.7, 1.1278
3.8, -0.17459
3.9, 0.085271
4, 1.196
4.1, -0.29582
4.2, 1.2791
4.3, -0.92172
4.4, -0.20652
4.5, -1.0459
4.6, -0.72428
4.7, -0.70224
4.8, -0.039765
4.9, -0.44902
5, -1.5349
5.1, -0.28029
5.2, -0.79671
5.3, 1.1074
5.4, -0.74351
5.5, -0.20567
5.6, 0.063845
5.7, 0.66043
5.8, 0.68769
5.9, 0.78235
6, 0.94236
6.1, 0.17548
6.2, 0.072039
6.3, 0.18813
6.4, -0.14637
6.5, 0.51689
6.6, -0.34697
6.7, -0.49368
6.8, 0.80099
6.9, -1.3718
7, 0.97064
7.1, 0.66309
7.2, 0.45347
7.3, -0.20671
7.4, 0.96565
7.5, -0.79558
7.6, -0.85523
7.7, -0.81399
7.8, -0.43285
7.9, -1.2413
8, -0.09786
8.1, 0.91496
8.2, 0.39291
8.3, 0.16399
8.4, 0.53435
8.5, -0.37908
8.6, -0.82
8.7, -1.4553
8.8, -0.23389
8.9, 1.8873
9, -0.65239
9.1, -3.0335
9.2, -0.63103
9.3, -0.50637
9.4, -0.47535
9.5, -0.43815
9.6, -2.1383
9.7, -0.76653
9.8, -0.2608
9.9, 0.17201
10, -0.74689
10.1, 0.99401
10.2, -0.18477
10.3, 2.0535
10.4, 0.38008
10.5, -1.1745
10.6, 0.58633
10.7, -0.33899
10.8, 1.2414
10.9, -1.1001
11, -0.45903
11.1, -0.74608
11.2, 0.0023352
11.3, 0.44151
11.4, 0.21516
11.5, -0.7521
11.6, 0.27513
11.7, 0.29259
11.8, 0.77317
11.9, 0.13566
12, 0.60885
12.1, 0.4896
12.2, -1.75
12.3, -0.46448
12.4, 0.50974
12.5, 0.60923
12.6, -0.5605
12.7, 1.1847
12.8, -1.2192
12.9, -0.20293
13, -0.34608
13.1, -0.076335
13.2, -1.3545
13.3, 1.4689
13.4, -0.60712
13.5, 0.051246
13.6, 0.6098
13.7, 0.43543
13.8, -0.87371
13.9, 0.59055
14, -1.6683
14.1, -0.58734
14.2, 0.048117
14.3, 0.11968
14.4, 0.84195
14.5, 0.58618
14.6, 1.5923
14.7, 2.8784
14.8, 1.071
14.9, 1.4544
15, 0.97453
15.1, -0.34425
15.2, 0.30572
15.3, -0.16087
15.4, 0.98259
15.5, -0.2979
15.6, 0.32038
15.7, 0.26046
15.8, 0.14402
15.9, 0.29101
16, 0.3323
16.1, 0.42841
16.2, 0.18713
16.3, -3.6965
16.4, -0.7587
16.5, 0.19084
16.6, 0.82859
16.7, 1.0469
16.8, 0.069434
16.9, 0.26307
17, 1.5341
17.1, 0.27555
17.2, -0.080184
17.3, -0.31302
17.4, 2.3421
17.5, 2.3946
17.6, 1.0948
17.7, 0.035651
17.8, -0.2991
17.9, 0.89178
18, 0.087366
18.1, 1.4343
18.2, 0.24003
18.3, 0.34409
18.4, 0.45112
18.5, -0.78544
18.6, 1.8367
18.7, 0.39803
18.8, 0.72719
18.9, -0.94792
19, -0.58045
19.1, -1.2328
19.2, -0.60444
19.3, 0.18814
19.4, -0.48255
19.5, -1.0821
19.6, 1.4085
19.7, 0.68456
19.8, 0.14931
19.9, -0.22508
20, 0.45153
20.1, 0.15108
20.2, 0.42977
20.3, 0.24284
20.4, -0.21457
20.5, 0.388
20.6, -1.212
20.7, 1.6444
20.8, -0.50826
20.9, -1.2692
21, -0.70635
21.1, 0.52678
21.2, 0.83222
21.3, -0.61205
21.4, -0.32196
21.5, -0.83523
21.6, -0.61793
21.7, -0.10658
21.8, -1.299
21.9, -1.1799
22, 1.033
22.1, 0.40742
22.2, 3.0874
22.3, -2.3608
22.4, 1.9956
22.5, 0.93924
22.6, -0.62583
22.7, 1.1995
22.8, 3.0747
22.9, -0.783
23, 1.2369
23.1, 2.2843
23.2, 1.0699
23.3, 0.81039
23.4, -0.34817
23.5, -1.4528
23.6, 0.35647
23.7, 0.7094
23.8, -0.80119
23.9, 0.87724
24, 0.90851
24.1, 0.8664
24.2, -0.58827
24.3, 0.2899
24.4, 0.18258
24.5, 0.10772
24.6, -1.011
24.7, -0.72634
24.8, -1.1992
24.9, -1.8807
25, -0.30158
25.1, 0.9189
25.2, -0.29523
25.3, -1.0773
25.4, -0.50054
25.5, 3.3208
25.6, 0.090805
25.7, -1.3849
25.8, 1.33
25.9, 0.19454
26, 0.64874
26.1, -0.6362
26.2, 0.099789
26.3, -0.15436
26.4, 0.58368
26.5, -0.14064
26.6, -2.2042
26.7, 0.20181
26.8, -2.4023
26.9, -1.3564
27, 0.51801
27.1, 0.52344
27.2, 0.71483
27.3, -0.51148
27.4, -0.52808
27.5, 0.37982
27.6, 1.7033
27.7, -1.9668
27.8, -0.37547
27.9, 1.4433
28, -0.30415
28.1, 0.25817
28.2, 0.74036
28.3, -0.25798
28.4, -0.89705
28.5, 2.3867
28.6, -0.19744
28.7, -0.56212
28.8, -0.71745
28.9, 0.77561
29, 0.14994
29.1, 0.25966
29.2, 1.7693
29.3, -1.731
29.4, -0.62009
29.5, -1.4419
29.6, 0.5421
29.7, 0.65705
29.8, -0.81975
29.9, -1.1294
30, -0.34732
30.1, -1.5962
30.2, 0.32425
30.3, 0.066317
30.4, -0.12917
30.5, 0.56189
30.6, 2.2211
30.7, 0.12385
30.8, -1.5085
30.9, -0.6351
31, -0.29854
31.1, 2.2329
31.2, -0.059593
31.3, 0.11098
31.4, 0.6568
31.5, 0.17012
31.6, -0.70662
31.7, 0.10837
31.8, 0.21427
31.9, 0.59913
32, -0.81558
32.1, 1.7124
32.2, 0.72099
32.3, -1.6115
32.4, -0.36161
32.5, -1.2091
32.6, -0.10877
32.7, 1.1848
32.8, -0.3392
32.9, -0.087762
33, 1.0868
33.1, -0.70418
33.2, 0.49499
33.3, 0.25158
33.4, 0.48289
33.5, 0.62015
33.6, 1.2992
33.7, 0.22844
33.8, -0.52404
33.9, 0.30424
34, 0.53633
34.1, -0.48682
34.2, -0.15065
34.3, 0.31949
34.4, 0.66481
34.5, -1.1909
34.6, -0.69369
34.7, -1.6553
34.8, -0.46901
34.9, -0.24507
35, 0.51755
35.1, -0.17692
35.2, 0.80148
35.3, -0.99207
35.4, 0.027089
35.5, 0.33989
35.6, -0.26786
35.7, 0.50446
35.8, -0.62556
35.9, -0.33993
36, 1.9554
36.1, -1.0454
36.2, -0.46673
36.3, -0.092203
36.4, -1.1914
36.5, 0.92531
36.6, 0.45687
36.7, -0.41337
36.8, -1.2976
36.9, -1.5626
37, -0.32797
37.1, 0.24869
37.2, -0.90332
37.3, -0.95044
37.4, -0.21463
37.5, 0.17225
37.6, -0.023312
37.7, 0.21782
37.8, -0.59342
37.9, -1.7228
38, -0.88623
38.1, -0.0052128
38.2, -1.0123
38.3, -0.28618
38.4, -0.32534
38.5, 0.18443
38.6, -0.94156
38.7, 0.66105
38.8, -0.25378
38.9, 1.3571
39, 0.33072
39.1, 0.070897
39.2, 0.86468
39.3, -0.95846
39.4, -0.18531
39.5, -0.39299
39.6, 0.90596
39.7, 0.27573
39.8, 1.78
39.9, 0.60942
40, 0.076663
40.1, -0.28286
40.2, 1.7022
40.3, -0.051246
40.4, 0.59855
40.5, -0.55743
40.6, -1.0142
40.7, 0.24603
40.8, -0.69399
40.9, 0.74613
41, -0.71598
41.1, -0.40381
41.2, -0.797
41.3, -0.27114
41.4, -1.2908
41.5, 0.067257
41.6, -1.7417
41.7, -0.89782
41.8, 0.97324
41.9, 0.29189
42, -0.53173
42.1, -0.49119
42.2, 0.60988
42.3, 0.74916
42.4, -1.7839
42.5, 1.2302
42.6, 0.58212
42.7, 0.46919
42.8, 2.9375
42.9, 0.27358
43, 0.21316
43.1, 0.83896
43.2, -0.13809
43.3, 0.89196
43.4, -1.169
43.5, -0.058644
43.6, 0.50266
43.7, 2.1715
43.8, -1.1372
43.9, -0.18835
44, 0.9079
44.1, -0.75274
44.2, -1.4056
44.3, -0.59388
44.4, 2.1766
44.5, -0.084902
44.6, -0.31067
44.7, 0.41427
44.8, -0.23242
44.9, -0.33264
45, -1.4643
45.1, 0.8582
45.2, -0.032342
45.3, -0.29084
45.4, -1.057
45.5, 0.47051
45.6, 1.5583
45.7, 0.39073
45.8, -0.61133
45.9, 1.8065
46, -0.37914
46.1, 1.4191
46.2, -0.57751
46.3, -0.33286
46.4, 0.54121
46.5, -0.45942
46.6, -1.1224
46.7, 1.3341
46.8, 0.88388
46.9, -0.14622
47, -1.6184
47.1, -1.1646
47.2, 0.032105
47.3, 1.3493
47.4, 0.22703
47.5, 1.2698
47.6, -0.31009
47.7, -0.35901
47.8, 0.24824
47.9, 1.3256
48, 0.087022
48.1, -0.98821
48.2, -0.55367
48.3, -0.26689
48.4, -0.63707
48.5, 1.1319
48.6, -1.7052
48.7, 1.9169
48.8, -0.24009
48.9, 0.020298
49, -1.7006
49.1, -1.1302
49.2, -0.66411
49.3, -1.0016
49.4, 1.0925
49.5, 0.049935
49.6, 0.70386
49.7, -0.077244
49.8, 0.45425
49.9, 0.34661
50, -0.111
50.1, 0.069131
50.2, -1.7109
50.3, -1.0871
50.4, 0.57816
50.5, 0.13416
50.6, -0.73065
50.7, 0.70443
50.8, 0.4321
50.9, 0.8676
51, -0.80051
51.1, 0.74674
51.2, 0.37072
51.3, -0.18183
51.4, -1.2166
51.5, 0.6729
51.6, -0.1089
51.7, 0.32707
51.8, 0.76436
51.9, 2.0217
52, 0.65281
52.1, 1.3208
52.2, -0.49238
52.3, 1.0231
52.4, 0.44957
52.5, 0.59978
52.6, 0.61041
52.7, -0.24573
52.8, 1.008
52.9, -0.22088
53, -1.7598
53.1, 0.95318
53.2, -0.685
53.3, 0.75869
53.4, 0.024861
53.5, -0.13351
53.6, -0.41608
53.7, -0.53883
53.8, 0.82561
53.9, -0.43392
54, 0.85211
54.1, -0.11478
54.2, 0.15751
54.3, -0.81485
54.4, -1.5735
54.5, -1.1032
54.6, -2.2201
54.7, -0.26702
54.8, -0.0093129
54.9, -1.4175
55, -0.25295
55.1, -0.20352
55.2, -1.0347
55.3, -0.59618
55.4, 0.53804
55.5, -0.80905
55.6, 1.1071
55.7, -0.68805
55.8, 0.38035
55.9, -1.1661
56, -1.7876
56.1, -1.5573
56.2, 0.19438
56.3, -1.6259
56.4, -1.3613
56.5, -0.53483
56.6, 0.072631
56.7, -0.16139
56.8, 0.9287
56.9, 0.29038
57, -0.039112
57.1, 0.12632
57.2, -0.51672
57.3, 0.34393
57.4, -0.50979
57.5, -0.15746
57.6, -0.064672
57.7, -0.72915
57.8, 1.5403
57.9, -0.18029
58, -0.28951
58.1, -0.68519
58.2, -0.30228
58.3, -0.85554
58.4, -0.035862
58.5, -0.27277
58.6, 0.29624
58.7, -0.17754
58.8, 0.25718
58.9, -0.029654
59, 0.39936
59.1, 1.9579
59.2, 0.65378
59.3, -0.81619
59.4, 0.9344
59.5, 0.08433
59.6, 0.075872
59.7, 0.83812
59.8, 2.3352
59.9, -0.17204
60, 1.9667
60.1, -0.81599
60.2, 1.1778
60.3, -0.034285
60.4, 1.3708
60.5, 1.0483
60.6, -0.5247
60.7, -0.43195
60.8, -0.57509
60.9, -0.28728
61, 2.634
61.1, 0.28968
61.2, -0.16119
61.3, 1.0386
61.4, -0.7213
61.5, -0.83755
61.6, -0.46171
61.7, 0.034478
61.8, 1.6599
61.9, 0.89119
62, -1.5051
62.1, 0.084388
62.2, 0.17632
62.3, -0.41348
62.4, 0.12963
62.5, 1.085
62.6, -0.47876
62.7, 0.13357
62.8, -1.223
62.9, -0.76744
63, -1.2406
63.1, 0.47155
63.2, 0.94042
63.3, -0.77001
63.4, -1.5772
63.5, 0.30018
63.6, -0.93221
63.7, -0.16922
63.8, -1.5466
63.9, -1.2606
64, 1.1547
64.1, 0.68808
64.2, 0.36079
64.3, 0.10002
64.4, 0.38005
64.5, -1.8684
64.6, 0.7814
64.7, -0.2732
64.8, -0.08489
64.9, -0.42815
65, 0.75123
65.1, -1.0467
65.2, -1.6612
65.3, -0.19839
65.4, 1.4663
65.5, -2.4862
65.6, -1.5089
65.7, -1.9322
65.8, 1.7684
65.9, 0.048829
66, -0.047185
66.1, 0.85877
66.2, -0.37349
66.3, 0.51992
66.4, -0.058905
66.5, 0.085854
66.6, -1.3807
66.7, 0.36469
66.8, -1.0049
66.9, -0.23256
67, -1.8014
67.1, 0.34961
67.2, -0.89496
67.3, -0.27834
67.4, 1.4939
67.5, -0.39131
67.6, -0.24938
67.7, -0.38346
67.8, 2.0078
67.9, 1.0364
68, -0.85033
68.1, 0.8709
68.2, -0.035611
68.3, 0.12199
68.4, -0.92407
68.5, 0.79469
68.6, -0.721
68.7, 1.4592
68.8, 0.54214
68.9, -1.4786
69, 0.30699
69.1, -0.051878
69.2, 0.38052
69.3, 0.35745
69.4, -0.25536
69.5, 1.4674
69.6, -1.3662
69.7, 0.063554
69.8, 0.72737
69.9, 0.4204
70, -1.7015
70.1, 0.90911
70.2, 0.32243
70.3, -0.77542
70.4, -1.3761
70.5, -0.55244
70.6, -0.2973
70.7, -0.19208
70.8, -0.97476
70.9, 0.033212
71, -0.021502
71.1, -1.0342
71.2, -0.68954
71.3, -1.0022
71.4, 0.99393
71.5, 0.57969
71.6, 0.62717
71.7, 0.20676
71.8, 1.5163
71.9, -0.88729
72, -0.76856
72.1, 0.12876
72.2, 0.76891
72.3, -1.3394
72.4, -0.71438
72.5, 1.3545
72.6, 1.5474
72.7, -0.2591
72.8, 0.67951
72.9, 0.64228
73, 0.1287
73.1, 0.77893
73.2, -0.74089
73.3, -1.5126
73.4, -0.98028
73.5, 1.3071
73.6, -3.3444
73.7, 0.95372
73.8, -0.74092
73.9, -0.026351
74, -0.78924
74.1, -0.29682
74.2, 0.12992
74.3, -0.71368
74.4, -0.60377
74.5, -0.32282
74.6, -0.25145
74.7, 0.64291
74.8, -1.042
74.9, -0.31535
75, -1.6772
75.1, -0.62191
75.2, 0.63827
75.3, -1.1664
75.4, 2.5508
75.5, 0.42411
75.6, -0.98249
75.7, 1.0634
75.8, -0.35807
75.9, -1.7889
76, 0.97864
76.1, 1.4419
76.2, 0.56915
76.3, 0.98111
76.4, 0.55929
76.5, 0.32855
76.6, 0.98028
76.7, -0.1899
76.8, -0.19006
76.9, -0.624
77, 1.0015
77.1, 0.8218
77.2, 0.30392
77.3, 0.77485
77.4, 1.4029
77.5, -0.32181
77.6, -0.23273
77.7, -0.48025
77.8, -0.11352
77.9, 1.191
78, -1.5358
78.1, 0.093206
78.2, 0.70555
78.3, 1.7935
78.4, 0.58723
78.5, 1.1527
78.6, 1.4038
78.7, 0.47847
78.8, -0.84011
78.9, 0.66469
79, 0.3019
79.1, -1.4557
79.2, -1.6469
79.3, 1.3229
79.4, -0.21337
79.5, 0.063692
79.6, -0.58465
79.7, -2.7505
79.8, 0.85964
79.9, -1.1184
80, 0.17275
80.1, 0.54004
80.2, 0.96629
80.3, 1.1072
80.4, 1.5892
80.5, -0.0012742
80.6, -0.96995
80.7, -0.49151
80.8, -0.41134
80.9, -1.2167
81, -0.018825
81.1, 0.073054
81.2, -1.9106
81.3, -1.8517
81.4, 0.49678
81.5, -1.1083
81.6, -0.51465
81.7, -0.74756
81.8, 0.73348
81.9, 2.5785
82, -0.40063
82.1, 0.12291
82.2, 0.39285
82.3, 0.4214
82.4, -0.25354
82.5, 0.65368
82.6, 0.6377
82.7, -1.8408
82.8, -0.016231
82.9, 0.61717
83, -0.036455
83.1, -0.26121
83.2, -0.43186
83.3, -0.60618
83.4, -1.1325
83.5, -0.6262
83.6, 0.83601
83.7, -0.69859
83.8, 1.0088
83.9, 0.11283
84, 0.54582
84.1, -0.33556
84.2, -1.2237
84.3, -1.4987
84.4, -0.51718
84.5, 0.63373
84.6, -1.2612
84.7, 1.1997
84.8, 0.73136
84.9, -0.71117
85, -0.62351
85.1, 1.6713
85.2, -0.63817
85.3, 0.47102
85.4, 1.3314
85.5, -0.98206
85.6, -1.3958
85.7, -1.164
85.8, -1.0115
85.9, 0.53456
86, 0.26909
86.1, 0.13159
86.2, -0.6208
86.3, 0.51461
86.4, -0.26792
86.5, 1.141
86.6, 1.6744
86.7, 1.5004
86.8, 0.31597
86.9, -0.87192
87, 1.0223
87.1, -0.95374
87.2, 0.21897
87.3, -0.054891
87.4, 0.12088
87.5, 0.71352
87.6, 2.419
87.7, -0.97151
87.8, -0.90005
87.9, -1.3716
88, 1.6691
88.1, -1.1198
88.2, 0.70316
88.3, -0.27643
88.4, -0.15198
88.5, -0.64636
88.6, -0.88956
88.7, -1.8169
88.8, -0.37364
88.9, 0.99435
89, 0.46594
89.1, 0.41019
89.2, -1.1204
89.3, -1.7829
89.4, -0.97893
89.5, 0.42401
89.6, 0.12186
89.7, 0.64893
89.8, 1.5679
89.9, 1.3984
90, 1.0526
90.1, 0.089982
90.2, 1.2452
90.3, -0.038061
90.4, 1.7202
90.5, 0.094948
90.6, 0.051977
90.7, 0.31348
90.8, -1.1299
90.9, -0.79403
91, -0.076205
91.1, 0.45032
91.2, 0.26523
91.3, 1.409
91.4, -1.6611
91.5, -0.033007
91.6, -0.14722
91.7, 2.3779
91.8, 0.4944
91.9, -1.5902
92, 1.2805
92.1, -0.0076457
92.2, 0.44302
92.3, 0.41524
92.4, -0.054411
92.5, -1.9968
92.6, 0.33666
92.7, 0.46078
92.8, -0.12449
92.9, 0.70733
93, -0.32974
93.1, 0.91387
93.2, -0.69206
93.3, -0.028277
93.4, 1.4724
93.5, 0.82721
93.6, -0.7661
93.7, -0.79067
93.8, 1.912
93.9, 1.265
94, 0.18022
94.1, 0.4354
94.2, -0.072014
94.3, 0.27885
94.4, 0.39167
94.5, 1.9729
94.6, -1.7745
94.7, 1.1361
94.8, 2.5859
94.9, 0.65287
95, 0.29797
95.1, 0.13893
95.2, 0.027395
95.3, -0.081854
95.4, -1.1365
95.5, -1.6467
95.6, -0.2431
95.7, -1.2588
95.8, 0.27406
95.9, 0.38803
96, -0.87304
96.1, -0.80638
96.2, 0.12286
96.3, 0.81427
96.4, 0.19053
96.5, 2.2659
96.6, -0.44775
96.7, -0.92241
96.8, -1.1359
96.9, 0.74659
97, -1.3636
97.1, -1.0744
97.2, 0.54786
97.3, -0.02195
97.4, -0.68479
97.5, 1.9799
97.6, 0.11181
97.7, -0.62869
97.8, -0.45657
97.9, 1.5763
98, -0.21954
98.1, 1.0289
98.2, 1.5348
98.3, -1.2084
98.4, 0.035677
98.5, -0.89168
98.6, -1.1042
98.7, 0.756
98.8, 0.29151
98.9, 0.54017
99, 0.8875
99.1, -1.2912
99.2, 1.2963
99.3, -0.14032
99.4, 0.0274
99.5, -0.71352
99.6, 0.028902
99.7, -0.85703
99.8, -1.3455
99.9, 1.3962
100, -0.2763
ENDTABLE
#DiagramOne1
ISIDE 2
Z_PROFILE_TABLE LINEAR_LOOP
0, -0.99477
0.1, -0.0013317
0.2, 0.8644
0.3, -1.8014
0.4, -0.98097
0.5, 0.19455
0.6, -1.2291
0.7, -0.80789
0.8, -0.71209
0.9, -0.97643
1, 0.31915
1.1, 0.96013
1.2, 1.6875
1.3, -0.68102
1.4, -1.0566
1.5, 1.53
1.6, 0.13514
1.7, 1.2722
1.8, -0.49731
1.9, -0.35723
2, -0.12899
2.1, -1.3126
2.2, 0.6617
2.3, -1.2137
2.4, -2.2477
2.5, 0.25586
2.6, 1.5124
2.7, -0.13541
2.8, -0.75334
2.9, 1.2731
3, -0.25577
3.1, -0.19687
3.2, 0.25101
3.3, 1.6267
3.4, 0.47501
3.5, -0.49212
3.6, -0.32201
3.7, 0.10159
3.8, 0.052248
3.9, 0.78674
4, 0.14167
4.1, 0.062828
4.2, 0.77285
4.3, -0.82962
4.4, 0.4424
4.5, -1.0114
4.6, 0.23917
4.7, -2.2324
4.8, -1.2334
4.9, 1.2083
5, -0.16097
5.1, 0.69845
5.2, -0.68143
5.3, 0.76106
5.4, -0.047349
5.5, -0.013728
5.6, 0.98439
5.7, 0.83971
5.8, -0.20513
5.9, -2.0068
6, -0.99549
6.1, -0.21698
6.2, 0.45643
6.3, 0.23926
6.4, -2.0628
6.5, -0.58898
6.6, 0.90087
6.7, -0.35445
6.8, 0.35599
6.9, -0.14189
7, -0.33982
7.1, -1.1152
7.2, -0.94726
7.3, 0.05255
7.4, 0.20984
7.5, -0.99439
7.6, 0.46617
7.7, 0.55047
7.8, 0.4001
7.9, -0.45305
8, 1.6051
8.1, -0.33407
8.2, 0.44137
8.3, -0.6731
8.4, -0.61165
8.5, 0.30656
8.6, 0.57471
8.7, 1.0901
8.8, 0.24452
8.9, -1.2682
9, 1.6046
9.1, -1.2273
9.2, -0.18479
9.3, 0.53317
9.4, 0.33087
9.5, 1.0877
9.6, -1.476
9.7, 0.45431
9.8, 0.75812
9.9, -0.90061
10, 0.3767
10.1, -2.1245
10.2, 0.53865
10.3, 2.3564
10.4, 0.29802
10.5, -1.392
10.6, 0.50562
10.7, -0.39813
10.8, -0.15508
10.9, 2.5433
11, -2.1493
11.1, -1.0893
11.2, -2.5647
11.3, -0.61138
11.4, 1.073
11.5, 0.38239
11.6, -0.8017
11.7, 0.19856
11.8, -1.1909
11.9, 0.15702
12, -1.2048
12.1, 0.24927
12.2, 0.11689
12.3, 0.90605
12.4, 0.519
12.5, -0.14535
12.6, 0.78718
12.7, 0.87009
12.8, -0.99195
12.9, 0.27837
13, 0.35327
13.1, 0.63148
13.2, 0.95739
13.3, -2.1583
13.4, -0.41363
13.5, -0.4617
13.6, -1.0483
13.7, -1.7792
13.8, -0.021416
13.9, 0.2599
14, -1.3822
14.1, 1.2642
14.2, 1.3181
14.3, -1.3773
14.4, 1.9297
14.5, -2.3797
14.6, -2.3888
14.7, 0.3919
14.8, 0.23874
14.9, 0.42899
15, -0.33931
15.1, -1.2965
15.2, -0.53625
15.3, 0.65797
15.4, -0.42651
15.5, 1.1428
15.6, -1.3824
15.7, -0.83054
15.8, 0.56586
15.9, 2.1753
16, -0.75883
16.1, -1.7238
16.2, -0.59277
16.3, 0.057374
16.4, -1.8675
16.5, 1.6965
16.6, 0.62895
16.7, -2.19
16.8, -1.0209
16.9, 0.031316
17, -0.58619
17.1, -0.46392
17.2, 0.75597
17.3, 0.26613
17.4, 1.8933
17.5, 0.59638
17.6, 1.3003
17.7, 0.58709
17.8, -0.11701
17.9, 0.78368
18, 0.24114
18.1, -0.22925
18.2, 0.55187
18.3, -1.3567
18.4, -0.66662
18.5, 2.6404
18.6, 3.0333
18.7, -1.2234
18.8, -1.431
18.9, -0.41107
19, -0.45682
19.1, 0.89305
19.2, 0.20859
19.3, -0.13115
19.4, 1.4285
19.5, 0.31879
19.6, -1.2427
19.7, -0.89538
19.8, 0.81983
19.9, 0.15745
20, 0.90545
20.1, 0.82651
20.2, -0.68547
20.3, -0.80815
20.4, 0.48214
20.5, 0.19113
20.6, -0.10375
20.7, -0.25139
20.8, 1.3719
20.9, 0.56133
21, 0.61283
21.1, -0.45066
21.2, 0.84096
21.3, 0.74323
21.4, -2.2238
21.5, -0.022399
21.6, 0.99246
21.7, 1.0643
21.8, -0.63289
21.9, -0.68028
22, 0.87053
22.1, 2.137
22.2, 0.1303
22.3, 0.68199
22.4, 2.3354
22.5, 0.034967
22.6, 1.6256
22.7, -0.37309
22.8, -2.0694
22.9, -2.1143
23, -0.70292
23.1, 2.1278
23.2, 0.07794
23.3, 0.50802
23.4, 1.1561
23.5, 0.61311
23.6, -0.38742
23.7, 1.8342
23.8, -0.457
23.9, 0.33609
24, -1.8053
24.1, -1.2076
24.2, 2.6406
24.3, 1.1063
24.4, 0.57344
24.5, 0.68579
24.6, -2.2597
24.7, -1.0865
24.8, 0.75893
24.9, 1.3859
25, -0.96254
25.1, -0.93078
25.2, 0.31715
25.3, -0.71075
25.4, 1.2307
25.5, 1.0433
25.6, 0.091763
25.7, -0.65919
25.8, -0.28056
25.9, -0.87065
26, 0.10208
26.1, -0.7986
26.2, -1.8338
26.3, -0.28686
26.4, -1.8731
26.5, -1.0291
26.6, 0.088581
26.7, -0.95284
26.8, -0.0073671
26.9, -1.0501
27, -0.15834
27.1, 1.0822
27.2, -0.42528
27.3, -1.4774
27.4, 0.55703
27.5, -0.83271
27.6, -0.42382
27.7, 0.28745
27.8, 1.1171
27.9, -0.63213
28, -0.52664
28.1, -0.53334
28.2, 1.1793
28.3, -0.87064
28.4, 0.12715
28.5, -1.0577
28.6, -0.082542
28.7, -0.26166
28.8, 0.78587
28.9, -0.24775
29, -0.64827
29.1, -0.15917
29.2, -0.62389
29.3, -0.65179
29.4, 0.48696
29.5, -0.48718
29.6, 0.44469
29.7, -0.77146
29.8, 0.20863
29.9, -0.4696
30, 0.99829
30.1, 1.5687
30.2, 0.12978
30.3, -1.0927
30.4, -0.44869
30.5, 0.34337
30.6, -0.46944
30.7, 0.56821
30.8, 0.20092
30.9, 0.04239
31, -0.48508
31.1, -0.088632
31.2, 0.066084
31.3, -0.16797
31.4, -0.3051
31.5, 1.4375
31.6, -1.2496
31.7, 0.45996
31.8, 0.26257
31.9, 0.3885
32, 0.52929
32.1, 1.9077
32.2, 0.59396
32.3, -0.141
32.4, 0.075409
32.5, 1.4101
32.6, 0.28925
32.7, 1.0918
32.8, -0.43041
32.9, 0.67161
33, 0.32161
33.1, -0.036478
33.2, 1.3775
33.3, -0.30939
33.4, -1.7578
33.5, 0.9663
33.6, -0.33444
33.7, 0.84929
33.8, -0.19578
33.9, -0.46319
34, 0.0027371
34.1, -1.8684
34.2, 0.0093744
34.3, -0.19963
34.4, -1.2658
34.5, 0.43172
34.6, 1.6348
34.7, 1.0042
34.8, -0.13339
34.9, 1.1742
35, -0.85666
35.1, 1.1884
35.2, 0.29133
35.3, -1.1065
35.4, 0.26662
35.5, -0.21735
35.6, 0.57858
35.7, -0.44861
35.8, 0.88564
35.9, 1.5684
36, 0.72819
36.1, 0.34826
36.2, 2.0956
36.3, 2.2176
36.4, 1.3733
36.5, -0.49224
36.6, -0.071258
36.7, 0.30857
36.8, -0.6996
36.9, -0.078954
37, 1.4324
37.1, 0.24739
37.2, 0.61788
37.3, 0.43323
37.4, 1.3417
37.5, 0.16876
37.6, 0.36925
37.7, 0.25454
37.8, -0.10808
37.9, -0.438
38, 0.134
38.1, -1.7245
38.2, 1.4675
38.3, 0.6213
38.4, 0.20348
38.5, -0.5593
38.6, 0.97304
38.7, -2.625
38.8, 0.67673
38.9, -0.206
39, -0.8019
39.1, -1.4262
39.2, -1.004
39.3, 1.0951
39.4, 0.62407
39.5, -0.28779
39.6, -1.6297
39.7, -1.1363
39.8, 0.19761
39.9, 2.0225
40, -1.8658
40.1, -0.03633
40.2, -1.6495
40.3, 1.0237
40.4, 0.44529
40.5, 1.0848
40.6, 0.96329
40.7, 0.0014029
40.8, -1.0237
40.9, -0.85841
41, -0.68617
41.1, 0.98309
41.2, 0.29569
41.3, 1.3787
41.4, 0.4002
41.5, -0.053042
41.6, 1.4703
41.7, -1.3226
41.8, -0.36221
41.9, 1.8929
42, 0.072535
42.1, 0.55985
42.2, -0.45654
42.3, -0.53362
42.4, 0.14379
42.5, 0.038875
42.6, 2.2469
42.7, 1.0822
42.8, 1.15
42.9, 1.7414
43, -0.44696
43.1, -0.92762
43.2, 0.037297
43.3, -1.1997
43.4, -0.98971
43.5, 1.7384
43.6, -0.12903
43.7, -0.54396
43.8, 0.2089
43.9, 0.43855
44, -1.9752
44.1, 0.22
44.2, -0.67729
44.3, -1.4676
44.4, -1.2477
44.5, -0.34101
44.6, 1.4676
44.7, 0.96798
44.8, 1.0987
44.9, -0.44062
45, -0.35701
45.1, -0.29759
45.2, -1.5651
45.3, 0.23857
45.4, -1.3711
45.5, -0.24826
45.6, -0.091767
45.7, -2.3606
45.8, 1.295
45.9, -0.16273
46, -1.0864
46.1, -0.7064
46.2, 0.30952
46.3, 0.47339
46.4, 0.88974
46.5, 1.0285
46.6, 1.6894
46.7, -0.94837
46.8, 0.38573
46.9, -0.24454
47, -0.2282
47.1, 0.2517
47.2, 0.56115
47.3, -0.23339
47.4, 1.3734
47.5, -0.11097
47.6, 0.067146
47.7, -0.40096
47.8, 0.52796
47.9, -0.87336
48, 0.10341
48.1, -0.36786
48.2, 0.46306
48.3, -0.46681
48.4, -0.072195
48.5, 0.3288
48.6, 0.17108
48.7, -0.15003
48.8, 0.6725
48.9, 1.0622
49, -0.25566
49.1, -1.066
49.2, -0.75571
49.3, 0.49692
49.4, -0.23297
49.5, 0.57166
49.6, -0.66735
49.7, 0.30177
49.8, 1.339
49.9, 0.93793
50, -0.40351
50.1, 0.206
50.2, 1.978
50.3, 0.31186
50.4, -0.29513
50.5, -1.4312
50.6, 0.56479
50.7, 0.85883
50.8, -1.0051
50.9, -1.3543
51, -1.504
51.1, 0.25579
51.2, 0.3154
51.3, -0.87058
51.4, 1.291
51.5, -0.16438
51.6, 0.028799
51.7, -0.1203
51.8, -0.55896
51.9, 0.62682
52, -2.2054
52.1, -2.4149
52.2, -0.86092
52.3, -0.72415
52.4, -0.18763
52.5, 1.4853
52.6, -0.65259
52.7, -0.85481
52.8, -0.48608
52.9, 0.12499
53, 0.8878
53.1, 0.72967
53.2, 0.85393
53.3, -0.39772
53.4, -0.27534
53.5, -1.5132
53.6, 1.3823
53.7, -0.65685
53.8, 0.50379
53.9, 1.9306
54, 0.19828
54.1, -1.7713
54.2, 0.41423
54.3, -0.596
54.4, -0.47369
54.5, -1.5535
54.6, 0.27586
54.7, -2.2067
54.8, 0.36938
54.9, -0.25508
55, 0.42977
55.1, 1.3472
55.2, 0.56705
55.3, 0.33447
55.4, 1.0078
55.5, 1.4812
55.6, 0.62273
55.7, -0.66157
55.8, -1.2668
55.9, 1.0454
56, -1.2204
56.1, 0.050498
56.2, -0.26999
56.3, 0.059264
56.4, -0.72784
56.5, -0.47343
56.6, 1.2856
56.7, -0.47199
56.8, -1.5247
56.9, -0.28235
57, -0.30105
57.1, 0.72519
57.2, 1.1652
57.3, 1.0659
57.4, 1.0737
57.5, -0.055231
57.6, -1.7404
57.7, 0.055257
57.8, -1.2684
57.9, -2.2983
58, -0.53801
58.1, 0.40296
58.2, 1.5476
58.3, -0.41287
58.4, 1.2682
58.5, -0.68884
58.6, 1.4237
58.7, -1
58.8, -0.55685
58.9, 0.3879
59, -1.087
59.1, -0.051908
59.2, -1.8133
59.3, -0.42442
59.4, -0.98788
59.5, 0.33442
59.6, 0.47207
59.7, 0.99495
59.8, -0.11036
59.9, -0.14535
60, 0.35269
60.1, 0.53701
60.2, -1.6125
60.3, 0.81347
60.4, -0.97609
60.5, 0.67527
60.6, -0.61226
60.7, -0.98583
60.8, -0.42343
60.9, 0.91886
61, 1.5668
61.1, 1.3417
61.2, -1.5743
61.3, -0.99155
61.4, 0.07759
61.5, -1.918
61.6, 0.31303
61.7, 0.48589
61.8, -0.021892
61.9, 1.6463
62, -2.3799
62.1, -1.6886
62.2, -0.6422
62.3, -0.68345
62.4, 1.26
62.5, -1.2991
62.6, -2.3445
62.7, -0.13875
62.8, 0.80565
62.9, -0.33714
63, 0.54763
63.1, -0.87826
63.2, 0.54622
63.3, -0.27846
63.4, -0.3355
63.5, -2.2313
63.6, -2.0249
63.7, 0.80869
63.8, -1.5689
63.9, 0.44045
64, 1.2718
64.1, 1.0074
64.2, -0.35717
64.3, -0.77809
64.4, 1.0082
64.5, -0.43414
64.6, -1.2829
64.7, 0.17775
64.8, 0.39338
64.9, 1.7564
65, 2.6758
65.1, -0.5138
65.2, 0.7677
65.3, 0.96473
65.4, 0.86105
65.5, 0.89044
65.6, -0.050526
65.7, -0.45009
65.8, 0.15394
65.9, -0.051593
66, 1.4513
66.1, -0.88987
66.2, -1.5796
66.3, -0.14467
66.4, -0.57832
66.5, 0.097326
66.6, -1.5328
66.7, 1.6981
66.8, -0.019298
66.9, 0.31764
67, -0.98347
67.1, 0.73684
67.2, 1.4035
67.3, 0.10889
67.4, -0.59157
67.5, 1.6603
67.6, 0.60813
67.7, 0.64844
67.8, -0.15707
67.9, -1.6094
68, 0.09811
68.1, 0.66036
68.2, -1.0664
68.3, 1.004
68.4, -0.4201
68.5, 2.5051
68.6, -0.047895
68.7, -0.85792
68.8, -0.51793
68.9, -0.45126
69, -0.88123
69.1, 0.15711
69.2, -0.85816
69.3, 1.3731
69.4, -0.20231
69.5, -0.59109
69.6, -1.42
69.7, 0.76288
69.8, -2.0577
69.9, 0.42307
70, -0.23573
70.1, 0.85474
70.2, 1.1662
70.3, 0.98317
70.4, -0.38995
70.5, 0.72542
70.6, -0.79207
70.7, -0.9924
70.8, -0.63734
70.9, 1.7808
71, -0.60406
71.1, 1.6996
71.2, -0.13609
71.3, 0.75251
71.4, 0.09432
71.5, -0.46337
71.6, 0.13263
71.7, 0.23044
71.8, 0.33088
71.9, 0.59811
72, -0.15887
72.1, 0.29312
72.2, -1.0485
72.3, 1.0687
72.4, -0.9577
72.5, -0.025812
72.6, 0.17903
72.7, 1.7821
72.8, -0.33117
72.9, 0.83699
73, 0.94369
73.1, -0.17944
73.2, -0.14788
73.3, 0.52019
73.4, 0.49022
73.5, -0.21132
73.6, 0.40692
73.7, -1.3308
73.8, 0.96885
73.9, 1.9306
74, -0.13855
74.1, -0.24037
74.2, 0.55414
74.3, 0.55804
74.4, -1.3571
74.5, -0.2455
74.6, 0.11239
74.7, 0.056642
74.8, -0.58264
74.9, 0.42509
75, 0.15172
75.1, -0.94221
75.2, 0.81228
75.3, -0.21139
75.4, -0.97586
75.5, 0.14681
75.6, 0.26767
75.7, 0.070739
75.8, -1.4476
75.9, -0.7094
76, 0.91149
76.1, 0.18993
76.2, 1.1394
76.3, 1.6188
76.4, 1.6185
76.5, -1.2016
76.6, 0.10585
76.7, -1.338
76.8, -0.94896
76.9, -1.0319
77, -0.16221
77.1, -0.65981
77.2, 0.17776
77.3, -0.74681
77.4, 0.34738
77.5, 0.31525
77.6, -0.37413
77.7, 2.2044
77.8, 1.0316
77.9, 0.256
78, 0.33771
78.1, -2.8284
78.2, 0.93901
78.3, -0.68791
78.4, 0.077685
78.5, -0.34912
78.6, 0.73236
78.7, -0.17422
78.8, -0.24197
78.9, 0.67781
79, 0.86334
79.1, -1.2412
79.2, 0.8247
79.3, 0.46465
79.4, -0.33149
79.5, -0.87333
79.6, -1.3592
79.7, -0.21881
79.8, -0.77017
79.9, -0.12059
80, 0.59468
80.1, 0.11153
80.2, -0.70353
80.3, -0.96753
80.4, 0.081852
80.5, 1.4874
80.6, -0.8514
80.7, -0.049156
80.8, 0.032737
80.9, 0.30977
81, 0.33629
81.1, -1.8008
81.2, 0.56451
81.3, 0.64191
81.4, 1.1803
81.5, 0.60874
81.6, -0.79118
81.7, 0.035842
81.8, 2.1698
81.9, -0.72313
82, -1.1028
82.1, 0.78262
82.2, 0.091067
82.3, 0.15083
82.4, -0.20834
82.5, 1.9
82.6, -0.3769
82.7, 0.41172
82.8, 0.016848
82.9, 0.48538
83, -1.6709
83.1, -1.0044
83.2, -0.40912
83.3, 2.564
83.4, -0.3424
83.5, -0.48053
83.6, -1.3102
83.7, -0.9184
83.8, 0.50963
83.9, 1.7348
84, 1.4088
84.1, -0.2735
84.2, -0.40523
84.3, 0.77894
84.4, 0.35414
84.5, 3.5114
84.6, 0.79139
84.7, 1.7257
84.8, 2.2159
84.9, 0.15226
85, -0.16967
85.1, -0.4957
85.2, -2.9585
85.3, -2.1448
85.4, 0.9458
85.5, 1.8669
85.6, -0.60745
85.7, -0.34563
85.8, 1.2434
85.9, -1.8312
86, 0.28715
86.1, -0.38885
86.2, 1.2371
86.3, -0.051937
86.4, -0.0068952
86.5, -0.96732
86.6, -2.3501
86.7, -0.42156
86.8, -0.33908
86.9, -0.99513
87, -2.1573
87.1, -0.36565
87.2, -1.107
87.3, 0.73716
87.4, -1.1114
87.5, -0.46342
87.6, -0.96421
87.7, -1.4892
87.8, 1.2125
87.9, 1.3756
88, -0.010262
88.1, -0.088114
88.2, 0.56481
88.3, -0.49967
88.4, 1.0214
88.5, -0.40507
88.6, -0.86052
88.7, -0.96056
88.8, -2.1613
88.9, 0.1093
89, 0.27903
89.1, -0.97653
89.2, -0.06381
89.3, -0.3078
89.4, 1.7617
89.5, 1.0141
89.6, -0.76897
89.7, 0.64797
89.8, 1.328
89.9, -0.73404
90, 1.3386
90.1, 0.28108
90.2, 0.11255
90.3, 0.69431
90.4, 1.7133
90.5, -0.77224
90.6, 1.2441
90.7, -0.2309
90.8, 0.56856
90.9, -0.12735
91, -0.22322
91.1, 1.2715
91.2, 0.53984
91.3, 0.82423
91.4, 0.74155
91.5, 0.12316
91.6, 0.91292
91.7, -0.433
91.8, 0.15546
91.9, -0.70762
92, 0.19842
92.1, -0.53744
92.2, -1.2888
92.3, -2.2374
92.4, 0.91646
92.5, -1.8426
92.6, 1.7279
92.7, -0.40647
92.8, 1.9166
92.9, -1.3217
93, -0.75525
93.1, -0.36568
93.2, 0.42028
93.3, 4.0526
93.4, -0.39458
93.5, 0.80114
93.6, 0.4901
93.7, -0.45361
93.8, 0.44864
93.9, -0.50451
94, 0.53496
94.1, 1.1809
94.2, -2.8537
94.3, 1.8151
94.4, -0.55834
94.5, -0.72833
94.6, 1.6302
94.7, -0.041382
94.8, -1.393
94.9, -0.90149
95, -0.57868
95.1, 0.45237
95.2, -0.21314
95.3, 0.56131
95.4, -2.0819
95.5, 0.27822
95.6, 0.24565
95.7, 1.626
95.8, -0.025221
95.9, -1.0269
96, 0.16375
96.1, -0.18257
96.2, 0.30703
96.3, 0.27353
96.4, 0.62737
96.5, 0.97335
96.6, 0.64828
96.7, 1.1446
96.8, -0.32689
96.9, 1.0056
97, -0.012345
97.1, -0.64406
97.2, 1.0156
97.3, 0.69797
97.4, -0.91204
97.5, 0.32743
97.6, 0.42955
97.7, -2.0702
97.8, -0.95195
97.9, -0.78491
98, -0.20991
98.1, -0.61242
98.2, 1.3339
98.3, 1.1502
98.4, -0.030366
98.5, -0.27343
98.6, -0.58497
98.7, 0.23932
98.8, 0.11211
98.9, -1.6634
99, 0.35024
99.1, 2.8523
99.2, 0.83511
99.3, 1.3578
99.4, 0.23289
99.5, -0.075978
99.6, -0.076995
99.7, -0.91902
99.8, 0.14858
99.9, 1.4916
100, -0.99477
ENDTABLE
#RadioCtrl0 0    
#RadioCtrl1 0    



#EMBEDDED_NOTES
#Example measured road roughness data.
#
#Road roughness is additional elevation in the road that is applied in the path of the left and right tires.  Click on the "?" for more detailed information.
#END_EMBEDDED_NOTES

LOG_ENTRY Used Dataset: Surface: Roughness Profiles; { * * * CYBRIX: Road Roughnesses } Grade 2
#Library : Surface: Roughness Profiles
#DataSet : Grade 2
#Category: * * * CYBRIX: Road Roughnesses
#FileID  : Profile_6ecf0b07-7eb5-4377-bfa4-64338a5234f6
#Product : TruckSim 2020.1
#VehCode Roughness Profile

END
