PARSFILE
#FullDataName Generic Table`Steer Linkage Kinematics - RH (Full 2D)`2D Steer
#RingCtrl0 CARPET
#CheckBox0 1    

#MiscYellow0
isteer_2d 2
set_units steer_2d_carpet deg
set_units_table_row steer_2d_carpet mm
set_units_table_col steer_2d_carpet mm
#ENDMYellow

*3D_XLabel jnc_r1
*3D_YLabel y_rack1
*3D_ZLabel Road wheel steer

#DiagramTwo0
*3D_DATA 15, 201 ! columns x rows
steer_2d_CARPET 2D_LINEAR
0, -70, -60, -50, -40, -30, -20, -10, 0, 10, 20, 30, 40, 50, 60, 70
-75, -38.692, -39.114, -39.536, -39.958, -40.379, -40.801, -41.223, -41.645, -42.067, -42.489, -42.911, -43.333, -43.754, -44.176, -44.598
-74.25, -38.245, -38.654, -39.063, -39.473, -39.882, -40.291, -40.701, -41.11, -41.519, -41.929, -42.338, -42.747, -43.157, -43.566, -43.975
-73.5, -37.799, -38.196, -38.593, -38.99, -39.387, -39.784, -40.181, -40.578, -40.975, -41.372, -41.769, -42.166, -42.563, -42.96, -43.357
-72.75, -37.355, -37.74, -38.125, -38.51, -38.895, -39.28, -39.665, -40.05, -40.435, -40.82, -41.205, -41.59, -41.975, -42.36, -42.745
-72, -36.912, -37.286, -37.659, -38.032, -38.405, -38.779, -39.152, -39.525, -39.898, -40.271, -40.645, -41.018, -41.391, -41.764, -42.138
-71.25, -36.471, -36.833, -37.194, -37.556, -37.918, -38.28, -38.641, -39.003, -39.365, -39.726, -40.088, -40.45, -40.812, -41.173, -41.535
-70.5, -36.03, -36.381, -36.731, -37.081, -37.432, -37.782, -38.133, -38.483, -38.833, -39.184, -39.534, -39.885, -40.235, -40.585, -40.936
-69.75, -35.592, -35.931, -36.27, -36.61, -36.949, -37.288, -37.628, -37.967, -38.306, -38.646, -38.985, -39.324, -39.664, -40.003, -40.342
-69, -35.154, -35.483, -35.811, -36.14, -36.468, -36.797, -37.125, -37.454, -37.783, -38.111, -38.44, -38.768, -39.097, -39.425, -39.754
-68.25, -34.719, -35.037, -35.354, -35.672, -35.99, -36.308, -36.626, -36.944, -37.262, -37.58, -37.898, -38.216, -38.534, -38.851, -39.169
-67.5, -34.284, -34.592, -34.899, -35.207, -35.514, -35.822, -36.129, -36.437, -36.745, -37.052, -37.36, -37.667, -37.975, -38.282, -38.59
-66.75, -33.851, -34.149, -34.446, -34.743, -35.041, -35.338, -35.636, -35.933, -36.23, -36.528, -36.825, -37.123, -37.42, -37.717, -38.015
-66, -33.42, -33.707, -33.995, -34.282, -34.57, -34.857, -35.145, -35.432, -35.719, -36.007, -36.294, -36.582, -36.869, -37.157, -37.444
-65.25, -32.989, -33.267, -33.545, -33.823, -34.101, -34.378, -34.656, -34.934, -35.212, -35.49, -35.767, -36.045, -36.323, -36.601, -36.879
-64.5, -32.56, -32.828, -33.096, -33.365, -33.633, -33.901, -34.17, -34.438, -34.706, -34.975, -35.243, -35.511, -35.78, -36.048, -36.316
-63.75, -32.132, -32.391, -32.651, -32.91, -33.169, -33.428, -33.687, -33.946, -34.205, -34.464, -34.723, -34.982, -35.241, -35.501, -35.76
-63, -31.706, -31.956, -32.206, -32.456, -32.706, -32.956, -33.206, -33.456, -33.706, -33.956, -34.206, -34.456, -34.706, -34.956, -35.206
-62.25, -31.28, -31.522, -31.763, -32.004, -32.245, -32.487, -32.728, -32.969, -33.21, -33.451, -33.693, -33.934, -34.175, -34.416, -34.658
-61.5, -30.856, -31.088, -31.321, -31.554, -31.786, -32.019, -32.251, -32.484, -32.717, -32.949, -33.182, -33.414, -33.647, -33.88, -34.112
-60.75, -30.434, -30.658, -30.882, -31.106, -31.33, -31.555, -31.779, -32.003, -32.227, -32.451, -32.676, -32.9, -33.124, -33.348, -33.572
-60, -30.012, -30.228, -30.444, -30.66, -30.876, -31.092, -31.308, -31.524, -31.74, -31.956, -32.172, -32.388, -32.604, -32.82, -33.036
-59.25, -29.591, -29.799, -30.007, -30.215, -30.423, -30.631, -30.839, -31.047, -31.255, -31.463, -31.671, -31.879, -32.087, -32.295, -32.503
-58.5, -29.173, -29.373, -29.573, -29.773, -29.973, -30.174, -30.374, -30.574, -30.774, -30.974, -31.175, -31.375, -31.575, -31.775, -31.975
-57.75, -28.755, -28.947, -29.14, -29.333, -29.525, -29.718, -29.91, -30.103, -30.296, -30.488, -30.681, -30.873, -31.066, -31.259, -31.451
-57, -28.338, -28.523, -28.708, -28.893, -29.078, -29.264, -29.449, -29.634, -29.819, -30.004, -30.19, -30.375, -30.56, -30.745, -30.93
-56.25, -27.922, -28.1, -28.278, -28.456, -28.634, -28.812, -28.99, -29.168, -29.346, -29.524, -29.702, -29.88, -30.058, -30.236, -30.414
-55.5, -27.508, -27.679, -27.85, -28.021, -28.192, -28.363, -28.534, -28.705, -28.876, -29.047, -29.218, -29.389, -29.56, -29.731, -29.902
-54.75, -27.095, -27.259, -27.423, -27.588, -27.752, -27.916, -28.08, -28.244, -28.408, -28.572, -28.736, -28.9, -29.065, -29.229, -29.393
-54, -26.684, -26.841, -26.999, -27.156, -27.314, -27.471, -27.629, -27.786, -27.943, -28.101, -28.258, -28.416, -28.573, -28.731, -28.888
-53.25, -26.273, -26.424, -26.575, -26.726, -26.877, -27.028, -27.179, -27.33, -27.481, -27.632, -27.783, -27.934, -28.085, -28.236, -28.387
-52.5, -25.864, -26.009, -26.153, -26.298, -26.443, -26.588, -26.732, -26.877, -27.022, -27.166, -27.311, -27.456, -27.601, -27.745, -27.89
-51.75, -25.456, -25.594, -25.733, -25.872, -26.01, -26.149, -26.287, -26.426, -26.565, -26.703, -26.842, -26.98, -27.119, -27.258, -27.396
-51, -25.048, -25.181, -25.314, -25.446, -25.579, -25.712, -25.844, -25.977, -26.11, -26.242, -26.375, -26.508, -26.64, -26.773, -26.906
-50.25, -24.643, -24.77, -24.897, -25.023, -25.15, -25.277, -25.404, -25.531, -25.658, -25.785, -25.912, -26.039, -26.165, -26.292, -26.419
-49.5, -24.238, -24.359, -24.481, -24.602, -24.723, -24.844, -24.966, -25.087, -25.208, -25.33, -25.451, -25.572, -25.693, -25.815, -25.936
-48.75, -23.835, -23.951, -24.067, -24.183, -24.298, -24.414, -24.53, -24.646, -24.762, -24.878, -24.994, -25.109, -25.225, -25.341, -25.457
-48, -23.432, -23.542, -23.653, -23.764, -23.874, -23.985, -24.095, -24.206, -24.317, -24.427, -24.538, -24.648, -24.759, -24.87, -24.98
-47.25, -23.031, -23.136, -23.242, -23.347, -23.453, -23.558, -23.664, -23.769, -23.874, -23.98, -24.085, -24.191, -24.296, -24.402, -24.507
-46.5, -22.631, -22.732, -22.832, -22.933, -23.033, -23.134, -23.234, -23.335, -23.436, -23.536, -23.637, -23.737, -23.838, -23.938, -24.039
-45.75, -22.232, -22.327, -22.423, -22.519, -22.615, -22.71, -22.806, -22.902, -22.998, -23.094, -23.189, -23.285, -23.381, -23.477, -23.572
-45, -21.834, -21.925, -22.016, -22.108, -22.199, -22.29, -22.381, -22.472, -22.563, -22.654, -22.745, -22.837, -22.928, -23.019, -23.11
-44.25, -21.437, -21.524, -21.611, -21.697, -21.784, -21.871, -21.957, -22.044, -22.131, -22.217, -22.304, -22.391, -22.477, -22.564, -22.651
-43.5, -21.043, -21.125, -21.207, -21.29, -21.372, -21.454, -21.537, -21.619, -21.701, -21.784, -21.866, -21.948, -22.031, -22.113, -22.195
-42.75, -20.648, -20.726, -20.804, -20.882, -20.961, -21.039, -21.117, -21.195, -21.273, -21.351, -21.429, -21.508, -21.586, -21.664, -21.742
-42, -20.255, -20.329, -20.404, -20.478, -20.552, -20.626, -20.7, -20.774, -20.848, -20.922, -20.996, -21.07, -21.144, -21.219, -21.293
-41.25, -19.863, -19.933, -20.003, -20.073, -20.143, -20.214, -20.284, -20.354, -20.424, -20.494, -20.565, -20.635, -20.705, -20.775, -20.845
-40.5, -19.472, -19.538, -19.605, -19.671, -19.738, -19.804, -19.871, -19.937, -20.003, -20.07, -20.136, -20.203, -20.269, -20.336, -20.402
-39.75, -19.082, -19.145, -19.208, -19.271, -19.334, -19.396, -19.459, -19.522, -19.585, -19.648, -19.71, -19.773, -19.836, -19.899, -19.962
-39, -18.694, -18.753, -18.812, -18.872, -18.931, -18.99, -19.05, -19.109, -19.168, -19.228, -19.287, -19.346, -19.406, -19.465, -19.524
-38.25, -18.306, -18.362, -18.418, -18.474, -18.53, -18.586, -18.642, -18.698, -18.754, -18.81, -18.866, -18.922, -18.978, -19.034, -19.09
-37.5, -17.92, -17.973, -18.025, -18.078, -18.131, -18.184, -18.236, -18.289, -18.342, -18.394, -18.447, -18.5, -18.553, -18.605, -18.658
-36.75, -17.535, -17.584, -17.634, -17.683, -17.733, -17.783, -17.832, -17.882, -17.932, -17.981, -18.031, -18.081, -18.13, -18.18, -18.229
-36, -17.15, -17.197, -17.244, -17.29, -17.337, -17.384, -17.43, -17.477, -17.524, -17.57, -17.617, -17.664, -17.71, -17.757, -17.804
-35.25, -16.767, -16.811, -16.855, -16.899, -16.943, -16.986, -17.03, -17.074, -17.118, -17.162, -17.205, -17.249, -17.293, -17.337, -17.381
-34.5, -16.386, -16.427, -16.468, -16.509, -16.55, -16.591, -16.632, -16.673, -16.714, -16.755, -16.796, -16.837, -16.878, -16.919, -16.96
-33.75, -16.005, -16.043, -16.082, -16.12, -16.159, -16.197, -16.236, -16.274, -16.312, -16.351, -16.389, -16.428, -16.466, -16.505, -16.543
-33, -15.625, -15.661, -15.697, -15.733, -15.769, -15.805, -15.841, -15.877, -15.913, -15.949, -15.985, -16.021, -16.057, -16.093, -16.129
-32.25, -15.246, -15.28, -15.313, -15.347, -15.38, -15.414, -15.447, -15.481, -15.515, -15.548, -15.582, -15.615, -15.649, -15.682, -15.716
-31.5, -14.869, -14.9, -14.932, -14.963, -14.994, -15.025, -15.057, -15.088, -15.119, -15.151, -15.182, -15.213, -15.244, -15.276, -15.307
-30.75, -14.492, -14.522, -14.551, -14.58, -14.609, -14.638, -14.667, -14.696, -14.725, -14.754, -14.783, -14.812, -14.841, -14.87, -14.9
-30, -14.117, -14.144, -14.171, -14.198, -14.225, -14.252, -14.279, -14.306, -14.333, -14.36, -14.387, -14.414, -14.441, -14.468, -14.495
-29.25, -13.743, -13.768, -13.793, -13.818, -13.843, -13.868, -13.893, -13.918, -13.943, -13.968, -13.993, -14.018, -14.043, -14.068, -14.093
-28.5, -13.37, -13.393, -13.416, -13.439, -13.463, -13.486, -13.509, -13.532, -13.555, -13.578, -13.601, -13.625, -13.648, -13.671, -13.694
-27.75, -12.998, -13.02, -13.041, -13.063, -13.084, -13.105, -13.127, -13.148, -13.169, -13.191, -13.212, -13.233, -13.255, -13.276, -13.298
-27, -12.627, -12.647, -12.667, -12.686, -12.706, -12.726, -12.745, -12.765, -12.785, -12.804, -12.824, -12.844, -12.863, -12.883, -12.903
-26.25, -12.257, -12.275, -12.294, -12.312, -12.33, -12.348, -12.366, -12.384, -12.402, -12.42, -12.438, -12.456, -12.474, -12.493, -12.511
-25.5, -11.889, -11.906, -11.922, -11.939, -11.955, -11.972, -11.988, -12.005, -12.022, -12.038, -12.055, -12.071, -12.088, -12.104, -12.121
-24.75, -11.521, -11.536, -11.551, -11.566, -11.582, -11.597, -11.612, -11.627, -11.642, -11.657, -11.672, -11.688, -11.703, -11.718, -11.733
-24, -11.154, -11.168, -11.182, -11.196, -11.21, -11.223, -11.237, -11.251, -11.265, -11.279, -11.292, -11.306, -11.32, -11.334, -11.348
-23.25, -10.789, -10.802, -10.814, -10.827, -10.839, -10.852, -10.864, -10.877, -10.89, -10.902, -10.915, -10.927, -10.94, -10.952, -10.965
-22.5, -10.424, -10.436, -10.447, -10.458, -10.47, -10.481, -10.493, -10.504, -10.515, -10.527, -10.538, -10.55, -10.561, -10.572, -10.584
-21.75, -10.061, -10.071, -10.082, -10.092, -10.102, -10.112, -10.123, -10.133, -10.143, -10.154, -10.164, -10.174, -10.184, -10.195, -10.205
-21, -9.6991, -9.7083, -9.7176, -9.7269, -9.7361, -9.7454, -9.7546, -9.7639, -9.7732, -9.7824, -9.7917, -9.8009, -9.8102, -9.8195, -9.8287
-20.25, -9.338, -9.3463, -9.3546, -9.3629, -9.3712, -9.3795, -9.3878, -9.3961, -9.4044, -9.4127, -9.421, -9.4293, -9.4376, -9.4459, -9.4542
-19.5, -8.9779, -8.9853, -8.9927, -9.0001, -9.0076, -9.015, -9.0224, -9.0298, -9.0372, -9.0446, -9.052, -9.0595, -9.0669, -9.0743, -9.0817
-18.75, -8.6191, -8.6256, -8.6322, -8.6388, -8.6454, -8.652, -8.6586, -8.6652, -8.6718, -8.6784, -8.685, -8.6916, -8.6982, -8.7048, -8.7113
-18, -8.2612, -8.267, -8.2728, -8.2787, -8.2845, -8.2903, -8.2962, -8.302, -8.3078, -8.3137, -8.3195, -8.3253, -8.3312, -8.337, -8.3428
-17.25, -7.9045, -7.9096, -7.9147, -7.9199, -7.925, -7.9301, -7.9353, -7.9404, -7.9455, -7.9507, -7.9558, -7.9609, -7.9661, -7.9712, -7.9763
-16.5, -7.5488, -7.5532, -7.5577, -7.5622, -7.5667, -7.5712, -7.5757, -7.5802, -7.5847, -7.5892, -7.5937, -7.5982, -7.6027, -7.6072, -7.6116
-15.75, -7.1943, -7.1982, -7.2021, -7.206, -7.2099, -7.2138, -7.2177, -7.2216, -7.2255, -7.2294, -7.2333, -7.2372, -7.2411, -7.245, -7.2489
-15, -6.8408, -6.8441, -6.8475, -6.8509, -6.8543, -6.8576, -6.861, -6.8644, -6.8678, -6.8712, -6.8745, -6.8779, -6.8813, -6.8846, -6.888
-14.25, -6.4883, -6.4912, -6.4941, -6.497, -6.4999, -6.5028, -6.5057, -6.5086, -6.5115, -6.5144, -6.5173, -6.5202, -6.5231, -6.526, -6.5289
-13.5, -6.1371, -6.1395, -6.142, -6.1445, -6.1469, -6.1494, -6.1518, -6.1543, -6.1568, -6.1592, -6.1617, -6.1641, -6.1666, -6.1691, -6.1715
-12.75, -5.7868, -5.7889, -5.7909, -5.793, -5.7951, -5.7972, -5.7992, -5.8013, -5.8034, -5.8054, -5.8075, -5.8096, -5.8117, -5.8137, -5.8158
-12, -5.4377, -5.4394, -5.4412, -5.4429, -5.4446, -5.4463, -5.4481, -5.4498, -5.4515, -5.4533, -5.455, -5.4567, -5.4584, -5.4602, -5.4619
-11.25, -5.0896, -5.0911, -5.0925, -5.0939, -5.0953, -5.0968, -5.0982, -5.0996, -5.101, -5.1024, -5.1039, -5.1053, -5.1067, -5.1081, -5.1096
-10.5, -4.7427, -4.7439, -4.745, -4.7462, -4.7473, -4.7485, -4.7496, -4.7508, -4.752, -4.7531, -4.7543, -4.7554, -4.7566, -4.7577, -4.7589
-9.75, -4.3968, -4.3977, -4.3987, -4.3996, -4.4005, -4.4014, -4.4024, -4.4033, -4.4042, -4.4052, -4.4061, -4.407, -4.4079, -4.4089, -4.4098
-9, -4.052, -4.0527, -4.0535, -4.0542, -4.0549, -4.0556, -4.0564, -4.0571, -4.0578, -4.0586, -4.0593, -4.06, -4.0607, -4.0615, -4.0622
-8.25, -3.7084, -3.7089, -3.7095, -3.7101, -3.7106, -3.7112, -3.7117, -3.7123, -3.7129, -3.7134, -3.714, -3.7145, -3.7151, -3.7157, -3.7162
-7.5, -3.3657, -3.3662, -3.3666, -3.367, -3.3674, -3.3679, -3.3683, -3.3687, -3.3691, -3.3695, -3.37, -3.3704, -3.3708, -3.3712, -3.3717
-6.75, -3.0242, -3.0246, -3.0249, -3.0252, -3.0255, -3.0258, -3.0261, -3.0264, -3.0267, -3.027, -3.0273, -3.0276, -3.0279, -3.0282, -3.0286
-6, -2.6839, -2.6841, -2.6843, -2.6845, -2.6848, -2.685, -2.6852, -2.6854, -2.6856, -2.6858, -2.686, -2.6863, -2.6865, -2.6867, -2.6869
-5.25, -2.3445, -2.3446, -2.3448, -2.3449, -2.3451, -2.3452, -2.3454, -2.3455, -2.3456, -2.3458, -2.3459, -2.3461, -2.3462, -2.3464, -2.3465
-4.5, -2.0063, -2.0064, -2.0064, -2.0065, -2.0066, -2.0067, -2.0068, -2.0069, -2.007, -2.0071, -2.0072, -2.0073, -2.0074, -2.0074, -2.0075
-3.75, -1.6692, -1.6693, -1.6693, -1.6694, -1.6694, -1.6695, -1.6695, -1.6696, -1.6697, -1.6697, -1.6698, -1.6698, -1.6699, -1.6699, -1.67
-3, -1.3331, -1.3331, -1.3332, -1.3332, -1.3332, -1.3332, -1.3333, -1.3333, -1.3333, -1.3334, -1.3334, -1.3334, -1.3334, -1.3335, -1.3335
-2.25, -0.99821, -0.99822, -0.99823, -0.99824, -0.99826, -0.99827, -0.99828, -0.99829, -0.9983, -0.99831, -0.99832, -0.99834, -0.99835, -0.99836, -0.99837
-1.5, -0.66438, -0.66438, -0.66438, -0.66439, -0.66439, -0.66439, -0.6644, -0.6644, -0.6644, -0.66441, -0.66441, -0.66441, -0.66442, -0.66442, -0.66442
-0.75, -0.33164, -0.33164, -0.33164, -0.33164, -0.33164, -0.33164, -0.33164, -0.33164, -0.33164, -0.33164, -0.33164, -0.33164, -0.33164, -0.33164, -0.33164
0, 0, 0, 0, 0, 0, 0, 0, 0, 0, 0, 0, 0, 0, 0, 0
0.75, 0.33054, 0.33054, 0.33054, 0.33054, 0.33054, 0.33054, 0.33054, 0.33054, 0.33054, 0.33054, 0.33054, 0.33054, 0.33054, 0.33054, 0.33054
1.5, 0.66002, 0.66002, 0.66002, 0.66001, 0.66001, 0.66001, 0.66, 0.66, 0.66, 0.65999, 0.65999, 0.65999, 0.65998, 0.65998, 0.65998
2.25, 0.98846, 0.98845, 0.98844, 0.98843, 0.98841, 0.9884, 0.98839, 0.98838, 0.98837, 0.98836, 0.98835, 0.98833, 0.98832, 0.98831, 0.9883
3, 1.3159, 1.3159, 1.3158, 1.3158, 1.3158, 1.3158, 1.3157, 1.3157, 1.3157, 1.3156, 1.3156, 1.3156, 1.3156, 1.3155, 1.3155
3.75, 1.6424, 1.6423, 1.6423, 1.6422, 1.6422, 1.6421, 1.6421, 1.642, 1.6419, 1.6419, 1.6418, 1.6418, 1.6417, 1.6417, 1.6416
4.5, 1.9679, 1.9678, 1.9678, 1.9677, 1.9676, 1.9675, 1.9674, 1.9673, 1.9672, 1.9671, 1.967, 1.9669, 1.9668, 1.9668, 1.9667
5.25, 2.2926, 2.2925, 2.2923, 2.2922, 2.292, 2.2919, 2.2917, 2.2916, 2.2915, 2.2913, 2.2912, 2.291, 2.2909, 2.2907, 2.2906
6, 2.6164, 2.6162, 2.616, 2.6158, 2.6155, 2.6153, 2.6151, 2.6149, 2.6147, 2.6145, 2.6143, 2.614, 2.6138, 2.6136, 2.6134
6.75, 2.9394, 2.939, 2.9387, 2.9384, 2.9381, 2.9378, 2.9375, 2.9372, 2.9369, 2.9366, 2.9363, 2.936, 2.9357, 2.9354, 2.935
7.5, 3.2616, 3.2611, 3.2607, 3.2603, 3.2599, 3.2594, 3.259, 3.2586, 3.2582, 3.2578, 3.2573, 3.2569, 3.2565, 3.2561, 3.2556
8.25, 3.5829, 3.5824, 3.5818, 3.5812, 3.5807, 3.5801, 3.5796, 3.579, 3.5784, 3.5779, 3.5773, 3.5768, 3.5762, 3.5756, 3.5751
9, 3.9036, 3.9029, 3.9021, 3.9014, 3.9007, 3.9, 3.8992, 3.8985, 3.8978, 3.897, 3.8963, 3.8956, 3.8949, 3.8941, 3.8934
9.75, 4.2236, 4.2227, 4.2217, 4.2208, 4.2199, 4.219, 4.218, 4.2171, 4.2162, 4.2152, 4.2143, 4.2134, 4.2125, 4.2115, 4.2106
10.5, 4.5429, 4.5417, 4.5406, 4.5394, 4.5383, 4.5371, 4.536, 4.5348, 4.5336, 4.5325, 4.5313, 4.5302, 4.529, 4.5279, 4.5267
11.25, 4.8617, 4.8602, 4.8588, 4.8574, 4.856, 4.8545, 4.8531, 4.8517, 4.8503, 4.8489, 4.8474, 4.846, 4.8446, 4.8432, 4.8417
12, 5.1798, 5.1781, 5.1763, 5.1746, 5.1729, 5.1712, 5.1694, 5.1677, 5.166, 5.1642, 5.1625, 5.1608, 5.1591, 5.1573, 5.1556
12.75, 5.4973, 5.4952, 5.4932, 5.4911, 5.489, 5.4869, 5.4849, 5.4828, 5.4807, 5.4787, 5.4766, 5.4745, 5.4724, 5.4704, 5.4683
13.5, 5.8143, 5.8119, 5.8094, 5.8069, 5.8045, 5.802, 5.7996, 5.7971, 5.7946, 5.7922, 5.7897, 5.7873, 5.7848, 5.7823, 5.7799
14.25, 6.131, 6.1281, 6.1252, 6.1223, 6.1194, 6.1165, 6.1136, 6.1107, 6.1078, 6.1049, 6.102, 6.0991, 6.0962, 6.0933, 6.0904
15, 6.447, 6.4436, 6.4403, 6.4369, 6.4335, 6.4302, 6.4268, 6.4234, 6.42, 6.4166, 6.4133, 6.4099, 6.4065, 6.4032, 6.3998
15.75, 6.7626, 6.7587, 6.7548, 6.7509, 6.747, 6.7431, 6.7392, 6.7353, 6.7314, 6.7275, 6.7236, 6.7197, 6.7158, 6.7119, 6.708
16.5, 7.0779, 7.0735, 7.069, 7.0645, 7.06, 7.0555, 7.051, 7.0465, 7.042, 7.0375, 7.033, 7.0285, 7.024, 7.0195, 7.0151
17.25, 7.3929, 7.3878, 7.3827, 7.3775, 7.3724, 7.3673, 7.3621, 7.357, 7.3519, 7.3467, 7.3416, 7.3365, 7.3313, 7.3262, 7.3211
18, 7.7075, 7.7017, 7.6959, 7.69, 7.6842, 7.6784, 7.6725, 7.6667, 7.6609, 7.655, 7.6492, 7.6434, 7.6375, 7.6317, 7.6259
18.75, 8.0218, 8.0153, 8.0087, 8.0021, 7.9955, 7.9889, 7.9823, 7.9757, 7.9691, 7.9625, 7.9559, 7.9493, 7.9427, 7.9361, 7.9296
19.5, 8.3359, 8.3285, 8.3211, 8.3137, 8.3062, 8.2988, 8.2914, 8.284, 8.2766, 8.2692, 8.2618, 8.2543, 8.2469, 8.2395, 8.2321
20.25, 8.6498, 8.6415, 8.6332, 8.6249, 8.6166, 8.6083, 8.6, 8.5917, 8.5834, 8.5751, 8.5668, 8.5585, 8.5502, 8.5419, 8.5336
21, 8.9635, 8.9543, 8.945, 8.9357, 8.9265, 8.9172, 8.908, 8.8987, 8.8894, 8.8802, 8.8709, 8.8617, 8.8524, 8.8431, 8.8339
21.75, 9.277, 9.2667, 9.2564, 9.2462, 9.2359, 9.2256, 9.2153, 9.205, 9.1947, 9.1844, 9.1741, 9.1638, 9.1536, 9.1433, 9.133
22.5, 9.5904, 9.579, 9.5677, 9.5563, 9.5449, 9.5335, 9.5221, 9.5107, 9.4993, 9.4879, 9.4765, 9.4651, 9.4537, 9.4424, 9.431
23.25, 9.9038, 9.8912, 9.8786, 9.8661, 9.8535, 9.8409, 9.8284, 9.8158, 9.8032, 9.7907, 9.7781, 9.7655, 9.753, 9.7404, 9.7278
24, 10.217, 10.203, 10.189, 10.175, 10.161, 10.148, 10.134, 10.12, 10.106, 10.092, 10.079, 10.065, 10.051, 10.037, 10.023
24.75, 10.53, 10.515, 10.5, 10.485, 10.469, 10.454, 10.439, 10.424, 10.409, 10.394, 10.379, 10.363, 10.348, 10.333, 10.318
25.5, 10.844, 10.827, 10.811, 10.794, 10.778, 10.761, 10.745, 10.728, 10.711, 10.695, 10.678, 10.662, 10.645, 10.629, 10.612
26.25, 11.157, 11.139, 11.12, 11.102, 11.084, 11.066, 11.048, 11.03, 11.012, 10.994, 10.976, 10.958, 10.94, 10.921, 10.903
27, 11.471, 11.451, 11.431, 11.412, 11.392, 11.372, 11.353, 11.333, 11.313, 11.294, 11.274, 11.254, 11.235, 11.215, 11.195
27.75, 11.785, 11.763, 11.742, 11.72, 11.699, 11.678, 11.656, 11.635, 11.614, 11.592, 11.571, 11.55, 11.528, 11.507, 11.485
28.5, 12.098, 12.075, 12.052, 12.029, 12.005, 11.982, 11.959, 11.936, 11.913, 11.89, 11.867, 11.843, 11.82, 11.797, 11.774
29.25, 12.412, 12.387, 12.362, 12.337, 12.312, 12.287, 12.262, 12.237, 12.212, 12.187, 12.162, 12.137, 12.112, 12.087, 12.062
30, 12.726, 12.699, 12.672, 12.645, 12.618, 12.591, 12.564, 12.537, 12.51, 12.483, 12.456, 12.429, 12.402, 12.375, 12.348
30.75, 13.041, 13.011, 12.982, 12.953, 12.924, 12.895, 12.866, 12.837, 12.808, 12.779, 12.75, 12.721, 12.692, 12.663, 12.633
31.5, 13.355, 13.324, 13.292, 13.261, 13.23, 13.199, 13.167, 13.136, 13.105, 13.073, 13.042, 13.011, 12.98, 12.948, 12.917
32.25, 13.67, 13.636, 13.603, 13.569, 13.536, 13.502, 13.469, 13.435, 13.401, 13.368, 13.334, 13.301, 13.267, 13.234, 13.2
33, 13.986, 13.95, 13.914, 13.878, 13.842, 13.806, 13.77, 13.734, 13.698, 13.662, 13.626, 13.59, 13.554, 13.518, 13.482
33.75, 14.301, 14.263, 14.224, 14.186, 14.147, 14.109, 14.07, 14.032, 13.994, 13.955, 13.917, 13.878, 13.84, 13.801, 13.763
34.5, 14.617, 14.576, 14.535, 14.494, 14.453, 14.412, 14.371, 14.33, 14.289, 14.248, 14.207, 14.166, 14.125, 14.084, 14.043
35.25, 14.935, 14.891, 14.847, 14.803, 14.759, 14.716, 14.672, 14.628, 14.584, 14.54, 14.497, 14.453, 14.409, 14.365, 14.321
36, 15.252, 15.205, 15.158, 15.112, 15.065, 15.018, 14.972, 14.925, 14.878, 14.832, 14.785, 14.738, 14.692, 14.645, 14.598
36.75, 15.569, 15.52, 15.47, 15.421, 15.371, 15.321, 15.272, 15.222, 15.172, 15.123, 15.073, 15.023, 14.974, 14.924, 14.875
37.5, 15.888, 15.835, 15.783, 15.73, 15.677, 15.624, 15.572, 15.519, 15.466, 15.414, 15.361, 15.308, 15.255, 15.203, 15.15
38.25, 16.207, 16.151, 16.095, 16.039, 15.983, 15.927, 15.871, 15.815, 15.759, 15.703, 15.647, 15.591, 15.535, 15.479, 15.423
39, 16.527, 16.468, 16.409, 16.349, 16.29, 16.231, 16.171, 16.112, 16.053, 15.993, 15.934, 15.875, 15.815, 15.756, 15.697
39.75, 16.848, 16.785, 16.722, 16.659, 16.596, 16.534, 16.471, 16.408, 16.345, 16.282, 16.22, 16.157, 16.094, 16.031, 15.968
40.5, 17.168, 17.102, 17.035, 16.969, 16.902, 16.836, 16.769, 16.703, 16.637, 16.57, 16.504, 16.437, 16.371, 16.304, 16.238
41.25, 17.49, 17.42, 17.35, 17.28, 17.21, 17.139, 17.069, 16.999, 16.929, 16.859, 16.788, 16.718, 16.648, 16.578, 16.508
42, 17.813, 17.739, 17.664, 17.59, 17.516, 17.442, 17.368, 17.294, 17.22, 17.146, 17.072, 16.998, 16.924, 16.849, 16.775
42.75, 18.137, 18.059, 17.981, 17.903, 17.824, 17.746, 17.668, 17.59, 17.512, 17.434, 17.356, 17.277, 17.199, 17.121, 17.043
43.5, 18.461, 18.379, 18.297, 18.214, 18.132, 18.05, 17.967, 17.885, 17.803, 17.72, 17.638, 17.556, 17.473, 17.391, 17.309
44.25, 18.787, 18.7, 18.613, 18.527, 18.44, 18.353, 18.267, 18.18, 18.093, 18.007, 17.92, 17.833, 17.747, 17.66, 17.573
45, 19.112, 19.021, 18.93, 18.838, 18.747, 18.656, 18.565, 18.474, 18.383, 18.292, 18.201, 18.11, 18.018, 17.927, 17.836
45.75, 19.439, 19.344, 19.248, 19.152, 19.056, 18.961, 18.865, 18.769, 18.673, 18.577, 18.482, 18.386, 18.29, 18.194, 18.099
46.5, 19.768, 19.667, 19.567, 19.466, 19.366, 19.265, 19.165, 19.064, 18.963, 18.863, 18.762, 18.662, 18.561, 18.461, 18.36
47.25, 20.097, 19.992, 19.886, 19.781, 19.675, 19.57, 19.464, 19.359, 19.254, 19.148, 19.043, 18.937, 18.832, 18.726, 18.621
48, 20.428, 20.318, 20.207, 20.096, 19.986, 19.875, 19.765, 19.654, 19.543, 19.433, 19.322, 19.212, 19.101, 18.99, 18.88
48.75, 20.759, 20.643, 20.527, 20.411, 20.296, 20.18, 20.064, 19.948, 19.832, 19.716, 19.6, 19.485, 19.369, 19.253, 19.137
49.5, 21.092, 20.971, 20.849, 20.728, 20.607, 20.486, 20.364, 20.243, 20.122, 20, 19.879, 19.758, 19.637, 19.515, 19.394
50.25, 21.426, 21.299, 21.172, 21.046, 20.919, 20.792, 20.665, 20.538, 20.411, 20.284, 20.157, 20.03, 19.904, 19.777, 19.65
51, 21.762, 21.629, 21.496, 21.364, 21.231, 21.098, 20.966, 20.833, 20.7, 20.568, 20.435, 20.302, 20.17, 20.037, 19.904
51.75, 22.098, 21.96, 21.821, 21.682, 21.544, 21.405, 21.267, 21.128, 20.989, 20.851, 20.712, 20.574, 20.435, 20.296, 20.158
52.5, 22.436, 22.291, 22.147, 22.002, 21.857, 21.712, 21.568, 21.423, 21.278, 21.134, 20.989, 20.844, 20.699, 20.555, 20.41
53.25, 22.775, 22.624, 22.473, 22.322, 22.171, 22.02, 21.869, 21.718, 21.567, 21.416, 21.265, 21.114, 20.963, 20.812, 20.661
54, 23.116, 22.959, 22.801, 22.644, 22.486, 22.329, 22.171, 22.014, 21.857, 21.699, 21.542, 21.384, 21.227, 21.069, 20.912
54.75, 23.458, 23.294, 23.13, 22.965, 22.801, 22.637, 22.473, 22.309, 22.145, 21.981, 21.817, 21.653, 21.488, 21.324, 21.16
55.5, 23.802, 23.631, 23.46, 23.289, 23.118, 22.947, 22.776, 22.605, 22.434, 22.263, 22.092, 21.921, 21.75, 21.579, 21.408
56.25, 24.147, 23.969, 23.791, 23.613, 23.435, 23.257, 23.079, 22.901, 22.723, 22.545, 22.367, 22.189, 22.011, 21.833, 21.655
57, 24.493, 24.308, 24.123, 23.938, 23.753, 23.567, 23.382, 23.197, 23.012, 22.827, 22.641, 22.456, 22.271, 22.086, 21.901
57.75, 24.842, 24.65, 24.457, 24.264, 24.072, 23.879, 23.687, 23.494, 23.301, 23.109, 22.916, 22.724, 22.531, 22.338, 22.146
58.5, 25.192, 24.992, 24.792, 24.592, 24.392, 24.191, 23.991, 23.791, 23.591, 23.391, 23.19, 22.99, 22.79, 22.59, 22.39
59.25, 25.544, 25.336, 25.128, 24.92, 24.712, 24.504, 24.296, 24.088, 23.88, 23.672, 23.464, 23.256, 23.048, 22.84, 22.632
60, 25.898, 25.682, 25.466, 25.25, 25.034, 24.818, 24.602, 24.386, 24.17, 23.954, 23.738, 23.522, 23.306, 23.09, 22.874
60.75, 26.253, 26.029, 25.805, 25.581, 25.357, 25.132, 24.908, 24.684, 24.46, 24.236, 24.011, 23.787, 23.563, 23.339, 23.115
61.5, 26.61, 26.378, 26.145, 25.912, 25.68, 25.447, 25.215, 24.982, 24.749, 24.517, 24.284, 24.052, 23.819, 23.586, 23.354
62.25, 26.97, 26.728, 26.487, 26.246, 26.005, 25.763, 25.522, 25.281, 25.04, 24.799, 24.557, 24.316, 24.075, 23.834, 23.592
63, 27.331, 27.081, 26.831, 26.581, 26.331, 26.081, 25.831, 25.581, 25.331, 25.081, 24.831, 24.581, 24.331, 24.081, 23.831
63.75, 27.694, 27.435, 27.175, 26.916, 26.657, 26.398, 26.139, 25.88, 25.621, 25.362, 25.103, 24.844, 24.585, 24.325, 24.066
64.5, 28.059, 27.791, 27.523, 27.254, 26.986, 26.718, 26.449, 26.181, 25.913, 25.644, 25.376, 25.108, 24.839, 24.571, 24.303
65.25, 28.427, 28.149, 27.871, 27.593, 27.315, 27.038, 26.76, 26.482, 26.204, 25.926, 25.649, 25.371, 25.093, 24.815, 24.537
66, 28.796, 28.509, 28.221, 27.934, 27.646, 27.359, 27.071, 26.784, 26.497, 26.209, 25.922, 25.634, 25.347, 25.059, 24.772
66.75, 29.168, 28.87, 28.573, 28.276, 27.978, 27.681, 27.383, 27.086, 26.789, 26.491, 26.194, 25.896, 25.599, 25.302, 25.004
67.5, 29.542, 29.234, 28.927, 28.619, 28.312, 28.004, 27.697, 27.389, 27.081, 26.774, 26.466, 26.159, 25.851, 25.544, 25.236
68.25, 29.917, 29.599, 29.282, 28.964, 28.646, 28.328, 28.01, 27.692, 27.374, 27.056, 26.738, 26.42, 26.102, 25.785, 25.467
69, 30.297, 29.968, 29.64, 29.311, 28.983, 28.654, 28.326, 27.997, 27.668, 27.34, 27.011, 26.683, 26.354, 26.026, 25.697
69.75, 30.677, 30.338, 29.999, 29.659, 29.32, 28.981, 28.641, 28.302, 27.963, 27.623, 27.284, 26.945, 26.605, 26.266, 25.927
70.5, 31.061, 30.71, 30.36, 30.01, 29.659, 29.309, 28.958, 28.608, 28.258, 27.907, 27.557, 27.206, 26.856, 26.506, 26.155
71.25, 31.447, 31.085, 30.724, 30.362, 30, 29.638, 29.277, 28.915, 28.553, 28.192, 27.83, 27.468, 27.106, 26.745, 26.383
72, 31.836, 31.462, 31.089, 30.716, 30.343, 29.969, 29.596, 29.223, 28.85, 28.477, 28.103, 27.73, 27.357, 26.984, 26.61
72.75, 32.226, 31.841, 31.456, 31.071, 30.686, 30.301, 29.916, 29.531, 29.146, 28.761, 28.376, 27.991, 27.606, 27.221, 26.836
73.5, 32.62, 32.223, 31.826, 31.429, 31.032, 30.635, 30.238, 29.841, 29.444, 29.047, 28.65, 28.253, 27.856, 27.459, 27.062
74.25, 33.017, 32.608, 32.199, 31.789, 31.38, 30.971, 30.561, 30.152, 29.743, 29.333, 28.924, 28.515, 28.105, 27.696, 27.287
75, 33.416, 32.994, 32.572, 32.151, 31.729, 31.307, 30.885, 30.463, 30.041, 29.619, 29.197, 28.776, 28.354, 27.932, 27.51
ENDTABLE

#RadioCtrl0 0    
#RadioCtrl1 0    

*KEYWORD steer_2d
*X_LABEL y_rack1
*Y_LABEL Road wheel steer
*X_LABEL_2 jnc_r1


#EMBEDDED_NOTES
#This dataset just duplicates the example C-Class hathcback kinematics, so the results can be overlaid to demonstrate validity of the method.
#
#Note that the steer angle here is the incremental steer contributed by the steering system. It does not include passive steer effects like ride toe.
#END_EMBEDDED_NOTES

LOG_ENTRY Used Dataset: Generic Table; { 2D Steer } Steer Linkage Kinematics - RH (Full 2D)
#Library : Generic Table
#DataSet : Steer Linkage Kinematics - RH (Full 2D)
#Category: 2D Steer
#FileID  : GenTab_31053e77-932a-4ad8-9743-0f0f033d0d42
#Product : CarSim 2020.0
#VehCode table

END
