PARSFILE
#FullDataName Generic Table`Target Acceleration Table`Speed Controller: Accel Limits
#RingCtrl0 LINEAR
#CheckBox0 0    

#DiagramOne0
GENERIC_TABLE LINEAR
0, -0.023541128
0.1, -0.006814867
0.2, 0.013397673
0.3, -0.008273453
0.4, 0.003153553
0.5, 0.001668683
0.6, -0.001504667
0.7, 0.001922581
0.8, 3.29e-05
0.9, 0.000344239
1, 0.000767808
1.1, 0.000212438
1.2, 0.000508996
1.3, 0.000419249
1.4, 0.000335691
1.5, 0.00040451
1.6, 0.000419766
1.7, 0.003598939
1.8, 0.006974546
1.9, 0.007186956
2, 0.006664239
2.1, 0.004490876
2.2, 0.000329473
2.3, -0.005266376
2.4, -0.012515018
2.5, -0.021448029
2.6, -0.027623458
2.7, -0.030457944
2.8, -0.03495482
2.9, -0.041034125
3, -0.046558313
3.1, -0.053030811
3.2, -0.059691601
3.3, -0.065555319
3.4, -0.070095688
3.5, -0.073791258
3.6, -0.078438915
3.7, -0.086342126
3.8, -0.100393049
3.9, -0.12373057
4, -0.155234054
4.1, -0.188476086
4.2, -0.221905038
4.3, -0.263310403
4.4, -0.332796842
4.5, -0.462709427
4.6, -0.656571031
4.7, -0.782383978
4.8, -0.81457454
4.9, -0.787515163
5, -0.818669558
5.1, -0.771208346
5.2, -0.743737161
5.3, -0.658015013
5.4, -0.608012855
5.5, -0.634337902
5.6, -0.632088602
5.7, -0.605942667
5.8, -0.571513355
5.9, -0.54346025
6, -0.529130757
6.1, -0.517352939
6.2, -0.504440367
6.3, -0.490222484
6.4, -0.492289275
6.5, -0.481216788
6.6, -0.448679268
6.7, -0.416028947
6.8, -0.408612639
6.9, -0.402930468
7, -0.391999215
7.1, -0.376435906
7.2, -0.358786911
7.3, -0.34042415
7.4, -0.321966857
7.5, -0.303869575
7.6, -0.286399037
7.7, -0.269728929
7.8, -0.269833505
7.9, -0.277630508
8, -0.119500719
8.1, -0.008098683
8.2, -0.022759795
8.3, -0.044306956
8.4, -0.065935701
8.5, -0.082564957
8.6, -0.094641604
8.7, -0.101774432
8.8, -0.104372956
8.9, -0.103421867
9, -0.100097001
9.1, -0.095544986
9.2, -0.09054143
9.3, -0.085556448
9.4, -0.080752634
9.5, -0.075938016
9.6, -0.070848875
9.7, -0.065333396
9.8, -0.059531841
9.9, -0.053674895
10, -0.047933348
10.1, -0.042468127
10.2, -0.037227295
10.3, -0.032199312
10.4, -0.029869737
10.5, -0.0169068
10.6, 0.018102793
10.7, 0.01313899
10.8, -0.006732697
10.9, -0.004438214
11, 0.011370271
11.1, 0.006281091
11.2, 0.001076218
11.3, 0.001671901
11.4, 0.001624055
11.5, 0.000377141
11.6, 0.001273505
11.7, 0.002452316
11.8, 0.000321024
11.9, -0.000125469
12, 0.000979928
12.1, 0.001508621
12.2, 0.001845423
12.3, 0.002066476
12.4, 0.002278825
12.5, 0.002564642
12.6, 0.002932102
12.7, 0.003352928
12.8, 0.003805004
12.9, 0.004323944
13, 0.006030324
13.1, 0.006566401
13.2, 0.006455509
13.3, 0.009804661
13.4, 0.028545476
13.5, 0.06274084
13.6, 0.099733695
13.7, 0.110116281
13.8, 0.093833588
13.9, 0.094043106
14, 0.108691961
14.1, 0.112757757
14.2, 0.112064555
14.3, 0.118596286
14.4, 0.125786141
14.5, 0.128726214
14.6, 0.132587343
14.7, 0.135126576
14.8, 0.136067957
14.9, 0.138326779
15, 0.142490298
15.1, 0.147870377
15.2, 0.153822586
15.3, 0.160035253
15.4, 0.16615814
15.5, 0.170017958
15.6, 0.172517955
15.7, 0.175915182
15.8, 0.180511937
15.9, 0.185966179
16, 0.189850837
16.1, 0.191280156
16.2, 0.190697104
16.3, 0.149184883
16.4, 0.144680411
16.5, 0.211975634
16.6, 0.285988092
16.7, 0.289628237
16.8, 0.272607177
16.9, 0.263462543
17, 0.262001276
17.1, 0.262846828
17.2, 0.263090223
17.3, 0.263006747
17.4, 0.26341638
17.5, 0.264596164
17.6, 0.267132312
17.7, 0.270865232
17.8, 0.273323923
17.9, 0.271869868
18, 0.269198418
18.1, 0.266825289
18.2, 0.264733016
18.3, 0.262631923
18.4, 0.260085404
18.5, 0.257296532
18.6, 0.254532844
18.7, 0.251829475
18.8, 0.249074474
18.9, 0.246219978
19, 0.242905363
19.1, 0.238734424
19.2, 0.234457836
19.3, 0.230362564
19.4, 0.226392925
19.5, 0.222486973
19.6, 0.218637288
19.7, 0.214808539
19.8, 0.210802332
19.9, 0.206757516
20, 0.202801079
20.1, 0.198939651
20.2, 0.19515343
20.3, 0.191435277
20.4, 0.187785417
20.5, 0.191135377
20.6, 0.287301749
20.7, 0.307346165
20.8, 0.27942276
20.9, 0.184976563
21, 0.167728335
21.1, 0.175993204
21.2, 0.179004744
21.3, 0.177301958
21.4, 0.176037386
21.5, 0.175579116
21.6, 0.175045714
21.7, 0.17418623
21.8, 0.173232183
21.9, 0.172321364
22, 0.17143248
22.1, 0.170545772
22.2, 0.169675499
22.3, 0.168816343
22.4, 0.167956129
22.5, 0.167094439
22.6, 0.166237324
22.7, 0.165388659
22.8, 0.16454941
22.9, 0.163719818
23, 0.162893236
23.1, 0.161926627
23.2, 0.160871983
23.3, 0.159842536
23.4, 0.158816695
23.5, 0.157813147
23.6, 0.15682739
23.7, 0.155853316
23.8, 0.154888704
23.9, 0.153934211
24, 0.15298973
24.1, 0.152055427
24.2, 0.151131049
24.3, 0.150216907
24.4, 0.149313152
24.5, 0.148420095
24.6, 0.147359416
24.7, 0.145981133
24.8, 0.144596428
24.9, 0.139053524
25, 0.074058115
25.1, 0.021629948
25.2, -0.059570998
25.3, -0.077794231
25.4, -0.070576504
25.5, -0.053724926
25.6, 0.01362389
25.7, 0.015506978
25.8, 0.000757756
25.9, -0.000659838
26, 0.004728256
26.1, 0.000729557
26.2, 0.001997701
26.3, 0.002503466
26.4, 0.001443406
26.5, 0.002009283
26.6, 0.00179842
26.7, 0.001587396
26.8, 0.001718805
26.9, 0.001583542
27, 0.001558352
27.1, 0.001557828
27.2, 0.001490069
27.3, 0.001463606
27.4, 0.001422345
27.5, 0.001374301
27.6, 0.001341476
27.7, 0.001305069
27.8, 0.001272686
27.9, 0.001244204
28, 0.001213623
28.1, 0.001184685
28.2, 0.00115624
28.3, 0.001128154
28.4, 0.001101739
28.5, 0.001076782
28.6, 0.001053258
28.7, 0.001031207
28.8, 0.001010131
28.9, 0.000989974
29, 0.000970643
29.1, 0.000952087
29.2, 0.000934365
29.3, 0.000917075
29.4, 0.000901181
29.5, 0.000885704
29.6, 0.000870252
29.7, 0.000855614
29.8, 0.000841459
29.9, 0.000827767
30, 0.000814516
ENDTABLE
#RadioCtrl0 0    
#RadioCtrl1 0    

*KEYWORD GENERIC
*X_LABEL Time (s)
*Y_LABEL Acceleration (g)


#EMBEDDED_NOTES
#This example acceleration target was created by recording the output of a similar scenario.
#END_EMBEDDED_NOTES

LOG_ENTRY Used Dataset: Generic Table; { Speed Controller: Accel Limits } Target Acceleration Table
#Library : Generic Table
#DataSet : Target Acceleration Table
#Category: Speed Controller: Accel Limits
#FileID  : GenTab_683ad99e-1350-4a9f-870d-0078b96d1d22
#Product : CarSim 2020.0
#VehCode table

END
