PARSFILE
#FullDataName Generic Table`Steer Linkage Kinematics - LH (Base)`2D Steer
#RingCtrl0 CARPET
#CheckBox0 1    

#MiscYellow0
isteer_2d 1
set_units steer_2d_carpet deg
set_units_table_row steer_2d_carpet mm
set_units_table_col steer_2d_carpet mm
#ENDMYellow

*3D_XLabel jnc_l1
*3D_YLabel y_rack1
*3D_ZLabel Road wheel steer

#DiagramTwo0
*3D_DATA 15, 201 ! columns x rows
steer_2d_CARPET 2D_LINEAR
0, -70, -60, -50, -40, -30, -20, -10, 0, 10, 20, 30, 40, 50, 60, 70
-75, -30.463, -30.463, -30.463, -30.463, -30.463, -30.463, -30.463, -30.463, -30.463, -30.463, -30.463, -30.463, -30.463, -30.463, -30.463
-74.25, -30.152, -30.152, -30.152, -30.152, -30.152, -30.152, -30.152, -30.152, -30.152, -30.152, -30.152, -30.152, -30.152, -30.152, -30.152
-73.5, -29.841, -29.841, -29.841, -29.841, -29.841, -29.841, -29.841, -29.841, -29.841, -29.841, -29.841, -29.841, -29.841, -29.841, -29.841
-72.75, -29.531, -29.531, -29.531, -29.531, -29.531, -29.531, -29.531, -29.531, -29.531, -29.531, -29.531, -29.531, -29.531, -29.531, -29.531
-72, -29.223, -29.223, -29.223, -29.223, -29.223, -29.223, -29.223, -29.223, -29.223, -29.223, -29.223, -29.223, -29.223, -29.223, -29.223
-71.25, -28.915, -28.915, -28.915, -28.915, -28.915, -28.915, -28.915, -28.915, -28.915, -28.915, -28.915, -28.915, -28.915, -28.915, -28.915
-70.5, -28.608, -28.608, -28.608, -28.608, -28.608, -28.608, -28.608, -28.608, -28.608, -28.608, -28.608, -28.608, -28.608, -28.608, -28.608
-69.75, -28.302, -28.302, -28.302, -28.302, -28.302, -28.302, -28.302, -28.302, -28.302, -28.302, -28.302, -28.302, -28.302, -28.302, -28.302
-69, -27.997, -27.997, -27.997, -27.997, -27.997, -27.997, -27.997, -27.997, -27.997, -27.997, -27.997, -27.997, -27.997, -27.997, -27.997
-68.25, -27.692, -27.692, -27.692, -27.692, -27.692, -27.692, -27.692, -27.692, -27.692, -27.692, -27.692, -27.692, -27.692, -27.692, -27.692
-67.5, -27.389, -27.389, -27.389, -27.389, -27.389, -27.389, -27.389, -27.389, -27.389, -27.389, -27.389, -27.389, -27.389, -27.389, -27.389
-66.75, -27.086, -27.086, -27.086, -27.086, -27.086, -27.086, -27.086, -27.086, -27.086, -27.086, -27.086, -27.086, -27.086, -27.086, -27.086
-66, -26.784, -26.784, -26.784, -26.784, -26.784, -26.784, -26.784, -26.784, -26.784, -26.784, -26.784, -26.784, -26.784, -26.784, -26.784
-65.25, -26.482, -26.482, -26.482, -26.482, -26.482, -26.482, -26.482, -26.482, -26.482, -26.482, -26.482, -26.482, -26.482, -26.482, -26.482
-64.5, -26.181, -26.181, -26.181, -26.181, -26.181, -26.181, -26.181, -26.181, -26.181, -26.181, -26.181, -26.181, -26.181, -26.181, -26.181
-63.75, -25.88, -25.88, -25.88, -25.88, -25.88, -25.88, -25.88, -25.88, -25.88, -25.88, -25.88, -25.88, -25.88, -25.88, -25.88
-63, -25.581, -25.581, -25.581, -25.581, -25.581, -25.581, -25.581, -25.581, -25.581, -25.581, -25.581, -25.581, -25.581, -25.581, -25.581
-62.25, -25.281, -25.281, -25.281, -25.281, -25.281, -25.281, -25.281, -25.281, -25.281, -25.281, -25.281, -25.281, -25.281, -25.281, -25.281
-61.5, -24.982, -24.982, -24.982, -24.982, -24.982, -24.982, -24.982, -24.982, -24.982, -24.982, -24.982, -24.982, -24.982, -24.982, -24.982
-60.75, -24.684, -24.684, -24.684, -24.684, -24.684, -24.684, -24.684, -24.684, -24.684, -24.684, -24.684, -24.684, -24.684, -24.684, -24.684
-60, -24.386, -24.386, -24.386, -24.386, -24.386, -24.386, -24.386, -24.386, -24.386, -24.386, -24.386, -24.386, -24.386, -24.386, -24.386
-59.25, -24.088, -24.088, -24.088, -24.088, -24.088, -24.088, -24.088, -24.088, -24.088, -24.088, -24.088, -24.088, -24.088, -24.088, -24.088
-58.5, -23.791, -23.791, -23.791, -23.791, -23.791, -23.791, -23.791, -23.791, -23.791, -23.791, -23.791, -23.791, -23.791, -23.791, -23.791
-57.75, -23.494, -23.494, -23.494, -23.494, -23.494, -23.494, -23.494, -23.494, -23.494, -23.494, -23.494, -23.494, -23.494, -23.494, -23.494
-57, -23.197, -23.197, -23.197, -23.197, -23.197, -23.197, -23.197, -23.197, -23.197, -23.197, -23.197, -23.197, -23.197, -23.197, -23.197
-56.25, -22.901, -22.901, -22.901, -22.901, -22.901, -22.901, -22.901, -22.901, -22.901, -22.901, -22.901, -22.901, -22.901, -22.901, -22.901
-55.5, -22.605, -22.605, -22.605, -22.605, -22.605, -22.605, -22.605, -22.605, -22.605, -22.605, -22.605, -22.605, -22.605, -22.605, -22.605
-54.75, -22.309, -22.309, -22.309, -22.309, -22.309, -22.309, -22.309, -22.309, -22.309, -22.309, -22.309, -22.309, -22.309, -22.309, -22.309
-54, -22.014, -22.014, -22.014, -22.014, -22.014, -22.014, -22.014, -22.014, -22.014, -22.014, -22.014, -22.014, -22.014, -22.014, -22.014
-53.25, -21.718, -21.718, -21.718, -21.718, -21.718, -21.718, -21.718, -21.718, -21.718, -21.718, -21.718, -21.718, -21.718, -21.718, -21.718
-52.5, -21.423, -21.423, -21.423, -21.423, -21.423, -21.423, -21.423, -21.423, -21.423, -21.423, -21.423, -21.423, -21.423, -21.423, -21.423
-51.75, -21.128, -21.128, -21.128, -21.128, -21.128, -21.128, -21.128, -21.128, -21.128, -21.128, -21.128, -21.128, -21.128, -21.128, -21.128
-51, -20.833, -20.833, -20.833, -20.833, -20.833, -20.833, -20.833, -20.833, -20.833, -20.833, -20.833, -20.833, -20.833, -20.833, -20.833
-50.25, -20.538, -20.538, -20.538, -20.538, -20.538, -20.538, -20.538, -20.538, -20.538, -20.538, -20.538, -20.538, -20.538, -20.538, -20.538
-49.5, -20.243, -20.243, -20.243, -20.243, -20.243, -20.243, -20.243, -20.243, -20.243, -20.243, -20.243, -20.243, -20.243, -20.243, -20.243
-48.75, -19.948, -19.948, -19.948, -19.948, -19.948, -19.948, -19.948, -19.948, -19.948, -19.948, -19.948, -19.948, -19.948, -19.948, -19.948
-48, -19.654, -19.654, -19.654, -19.654, -19.654, -19.654, -19.654, -19.654, -19.654, -19.654, -19.654, -19.654, -19.654, -19.654, -19.654
-47.25, -19.359, -19.359, -19.359, -19.359, -19.359, -19.359, -19.359, -19.359, -19.359, -19.359, -19.359, -19.359, -19.359, -19.359, -19.359
-46.5, -19.064, -19.064, -19.064, -19.064, -19.064, -19.064, -19.064, -19.064, -19.064, -19.064, -19.064, -19.064, -19.064, -19.064, -19.064
-45.75, -18.769, -18.769, -18.769, -18.769, -18.769, -18.769, -18.769, -18.769, -18.769, -18.769, -18.769, -18.769, -18.769, -18.769, -18.769
-45, -18.474, -18.474, -18.474, -18.474, -18.474, -18.474, -18.474, -18.474, -18.474, -18.474, -18.474, -18.474, -18.474, -18.474, -18.474
-44.25, -18.18, -18.18, -18.18, -18.18, -18.18, -18.18, -18.18, -18.18, -18.18, -18.18, -18.18, -18.18, -18.18, -18.18, -18.18
-43.5, -17.885, -17.885, -17.885, -17.885, -17.885, -17.885, -17.885, -17.885, -17.885, -17.885, -17.885, -17.885, -17.885, -17.885, -17.885
-42.75, -17.59, -17.59, -17.59, -17.59, -17.59, -17.59, -17.59, -17.59, -17.59, -17.59, -17.59, -17.59, -17.59, -17.59, -17.59
-42, -17.294, -17.294, -17.294, -17.294, -17.294, -17.294, -17.294, -17.294, -17.294, -17.294, -17.294, -17.294, -17.294, -17.294, -17.294
-41.25, -16.999, -16.999, -16.999, -16.999, -16.999, -16.999, -16.999, -16.999, -16.999, -16.999, -16.999, -16.999, -16.999, -16.999, -16.999
-40.5, -16.703, -16.703, -16.703, -16.703, -16.703, -16.703, -16.703, -16.703, -16.703, -16.703, -16.703, -16.703, -16.703, -16.703, -16.703
-39.75, -16.408, -16.408, -16.408, -16.408, -16.408, -16.408, -16.408, -16.408, -16.408, -16.408, -16.408, -16.408, -16.408, -16.408, -16.408
-39, -16.112, -16.112, -16.112, -16.112, -16.112, -16.112, -16.112, -16.112, -16.112, -16.112, -16.112, -16.112, -16.112, -16.112, -16.112
-38.25, -15.815, -15.815, -15.815, -15.815, -15.815, -15.815, -15.815, -15.815, -15.815, -15.815, -15.815, -15.815, -15.815, -15.815, -15.815
-37.5, -15.519, -15.519, -15.519, -15.519, -15.519, -15.519, -15.519, -15.519, -15.519, -15.519, -15.519, -15.519, -15.519, -15.519, -15.519
-36.75, -15.222, -15.222, -15.222, -15.222, -15.222, -15.222, -15.222, -15.222, -15.222, -15.222, -15.222, -15.222, -15.222, -15.222, -15.222
-36, -14.925, -14.925, -14.925, -14.925, -14.925, -14.925, -14.925, -14.925, -14.925, -14.925, -14.925, -14.925, -14.925, -14.925, -14.925
-35.25, -14.628, -14.628, -14.628, -14.628, -14.628, -14.628, -14.628, -14.628, -14.628, -14.628, -14.628, -14.628, -14.628, -14.628, -14.628
-34.5, -14.33, -14.33, -14.33, -14.33, -14.33, -14.33, -14.33, -14.33, -14.33, -14.33, -14.33, -14.33, -14.33, -14.33, -14.33
-33.75, -14.032, -14.032, -14.032, -14.032, -14.032, -14.032, -14.032, -14.032, -14.032, -14.032, -14.032, -14.032, -14.032, -14.032, -14.032
-33, -13.734, -13.734, -13.734, -13.734, -13.734, -13.734, -13.734, -13.734, -13.734, -13.734, -13.734, -13.734, -13.734, -13.734, -13.734
-32.25, -13.435, -13.435, -13.435, -13.435, -13.435, -13.435, -13.435, -13.435, -13.435, -13.435, -13.435, -13.435, -13.435, -13.435, -13.435
-31.5, -13.136, -13.136, -13.136, -13.136, -13.136, -13.136, -13.136, -13.136, -13.136, -13.136, -13.136, -13.136, -13.136, -13.136, -13.136
-30.75, -12.837, -12.837, -12.837, -12.837, -12.837, -12.837, -12.837, -12.837, -12.837, -12.837, -12.837, -12.837, -12.837, -12.837, -12.837
-30, -12.537, -12.537, -12.537, -12.537, -12.537, -12.537, -12.537, -12.537, -12.537, -12.537, -12.537, -12.537, -12.537, -12.537, -12.537
-29.25, -12.237, -12.237, -12.237, -12.237, -12.237, -12.237, -12.237, -12.237, -12.237, -12.237, -12.237, -12.237, -12.237, -12.237, -12.237
-28.5, -11.936, -11.936, -11.936, -11.936, -11.936, -11.936, -11.936, -11.936, -11.936, -11.936, -11.936, -11.936, -11.936, -11.936, -11.936
-27.75, -11.635, -11.635, -11.635, -11.635, -11.635, -11.635, -11.635, -11.635, -11.635, -11.635, -11.635, -11.635, -11.635, -11.635, -11.635
-27, -11.333, -11.333, -11.333, -11.333, -11.333, -11.333, -11.333, -11.333, -11.333, -11.333, -11.333, -11.333, -11.333, -11.333, -11.333
-26.25, -11.03, -11.03, -11.03, -11.03, -11.03, -11.03, -11.03, -11.03, -11.03, -11.03, -11.03, -11.03, -11.03, -11.03, -11.03
-25.5, -10.728, -10.728, -10.728, -10.728, -10.728, -10.728, -10.728, -10.728, -10.728, -10.728, -10.728, -10.728, -10.728, -10.728, -10.728
-24.75, -10.424, -10.424, -10.424, -10.424, -10.424, -10.424, -10.424, -10.424, -10.424, -10.424, -10.424, -10.424, -10.424, -10.424, -10.424
-24, -10.12, -10.12, -10.12, -10.12, -10.12, -10.12, -10.12, -10.12, -10.12, -10.12, -10.12, -10.12, -10.12, -10.12, -10.12
-23.25, -9.8158, -9.8158, -9.8158, -9.8158, -9.8158, -9.8158, -9.8158, -9.8158, -9.8158, -9.8158, -9.8158, -9.8158, -9.8158, -9.8158, -9.8158
-22.5, -9.5107, -9.5107, -9.5107, -9.5107, -9.5107, -9.5107, -9.5107, -9.5107, -9.5107, -9.5107, -9.5107, -9.5107, -9.5107, -9.5107, -9.5107
-21.75, -9.205, -9.205, -9.205, -9.205, -9.205, -9.205, -9.205, -9.205, -9.205, -9.205, -9.205, -9.205, -9.205, -9.205, -9.205
-21, -8.8987, -8.8987, -8.8987, -8.8987, -8.8987, -8.8987, -8.8987, -8.8987, -8.8987, -8.8987, -8.8987, -8.8987, -8.8987, -8.8987, -8.8987
-20.25, -8.5917, -8.5917, -8.5917, -8.5917, -8.5917, -8.5917, -8.5917, -8.5917, -8.5917, -8.5917, -8.5917, -8.5917, -8.5917, -8.5917, -8.5917
-19.5, -8.284, -8.284, -8.284, -8.284, -8.284, -8.284, -8.284, -8.284, -8.284, -8.284, -8.284, -8.284, -8.284, -8.284, -8.284
-18.75, -7.9757, -7.9757, -7.9757, -7.9757, -7.9757, -7.9757, -7.9757, -7.9757, -7.9757, -7.9757, -7.9757, -7.9757, -7.9757, -7.9757, -7.9757
-18, -7.6667, -7.6667, -7.6667, -7.6667, -7.6667, -7.6667, -7.6667, -7.6667, -7.6667, -7.6667, -7.6667, -7.6667, -7.6667, -7.6667, -7.6667
-17.25, -7.357, -7.357, -7.357, -7.357, -7.357, -7.357, -7.357, -7.357, -7.357, -7.357, -7.357, -7.357, -7.357, -7.357, -7.357
-16.5, -7.0465, -7.0465, -7.0465, -7.0465, -7.0465, -7.0465, -7.0465, -7.0465, -7.0465, -7.0465, -7.0465, -7.0465, -7.0465, -7.0465, -7.0465
-15.75, -6.7353, -6.7353, -6.7353, -6.7353, -6.7353, -6.7353, -6.7353, -6.7353, -6.7353, -6.7353, -6.7353, -6.7353, -6.7353, -6.7353, -6.7353
-15, -6.4234, -6.4234, -6.4234, -6.4234, -6.4234, -6.4234, -6.4234, -6.4234, -6.4234, -6.4234, -6.4234, -6.4234, -6.4234, -6.4234, -6.4234
-14.25, -6.1107, -6.1107, -6.1107, -6.1107, -6.1107, -6.1107, -6.1107, -6.1107, -6.1107, -6.1107, -6.1107, -6.1107, -6.1107, -6.1107, -6.1107
-13.5, -5.7971, -5.7971, -5.7971, -5.7971, -5.7971, -5.7971, -5.7971, -5.7971, -5.7971, -5.7971, -5.7971, -5.7971, -5.7971, -5.7971, -5.7971
-12.75, -5.4828, -5.4828, -5.4828, -5.4828, -5.4828, -5.4828, -5.4828, -5.4828, -5.4828, -5.4828, -5.4828, -5.4828, -5.4828, -5.4828, -5.4828
-12, -5.1677, -5.1677, -5.1677, -5.1677, -5.1677, -5.1677, -5.1677, -5.1677, -5.1677, -5.1677, -5.1677, -5.1677, -5.1677, -5.1677, -5.1677
-11.25, -4.8517, -4.8517, -4.8517, -4.8517, -4.8517, -4.8517, -4.8517, -4.8517, -4.8517, -4.8517, -4.8517, -4.8517, -4.8517, -4.8517, -4.8517
-10.5, -4.5348, -4.5348, -4.5348, -4.5348, -4.5348, -4.5348, -4.5348, -4.5348, -4.5348, -4.5348, -4.5348, -4.5348, -4.5348, -4.5348, -4.5348
-9.75, -4.2171, -4.2171, -4.2171, -4.2171, -4.2171, -4.2171, -4.2171, -4.2171, -4.2171, -4.2171, -4.2171, -4.2171, -4.2171, -4.2171, -4.2171
-9, -3.8985, -3.8985, -3.8985, -3.8985, -3.8985, -3.8985, -3.8985, -3.8985, -3.8985, -3.8985, -3.8985, -3.8985, -3.8985, -3.8985, -3.8985
-8.25, -3.579, -3.579, -3.579, -3.579, -3.579, -3.579, -3.579, -3.579, -3.579, -3.579, -3.579, -3.579, -3.579, -3.579, -3.579
-7.5, -3.2586, -3.2586, -3.2586, -3.2586, -3.2586, -3.2586, -3.2586, -3.2586, -3.2586, -3.2586, -3.2586, -3.2586, -3.2586, -3.2586, -3.2586
-6.75, -2.9372, -2.9372, -2.9372, -2.9372, -2.9372, -2.9372, -2.9372, -2.9372, -2.9372, -2.9372, -2.9372, -2.9372, -2.9372, -2.9372, -2.9372
-6, -2.6149, -2.6149, -2.6149, -2.6149, -2.6149, -2.6149, -2.6149, -2.6149, -2.6149, -2.6149, -2.6149, -2.6149, -2.6149, -2.6149, -2.6149
-5.25, -2.2916, -2.2916, -2.2916, -2.2916, -2.2916, -2.2916, -2.2916, -2.2916, -2.2916, -2.2916, -2.2916, -2.2916, -2.2916, -2.2916, -2.2916
-4.5, -1.9673, -1.9673, -1.9673, -1.9673, -1.9673, -1.9673, -1.9673, -1.9673, -1.9673, -1.9673, -1.9673, -1.9673, -1.9673, -1.9673, -1.9673
-3.75, -1.642, -1.642, -1.642, -1.642, -1.642, -1.642, -1.642, -1.642, -1.642, -1.642, -1.642, -1.642, -1.642, -1.642, -1.642
-3, -1.3157, -1.3157, -1.3157, -1.3157, -1.3157, -1.3157, -1.3157, -1.3157, -1.3157, -1.3157, -1.3157, -1.3157, -1.3157, -1.3157, -1.3157
-2.25, -0.98838, -0.98838, -0.98838, -0.98838, -0.98838, -0.98838, -0.98838, -0.98838, -0.98838, -0.98838, -0.98838, -0.98838, -0.98838, -0.98838, -0.98838
-1.5, -0.66, -0.66, -0.66, -0.66, -0.66, -0.66, -0.66, -0.66, -0.66, -0.66, -0.66, -0.66, -0.66, -0.66, -0.66
-0.75, -0.33054, -0.33054, -0.33054, -0.33054, -0.33054, -0.33054, -0.33054, -0.33054, -0.33054, -0.33054, -0.33054, -0.33054, -0.33054, -0.33054, -0.33054
0, 0, 0, 0, 0, 0, 0, 0, 0, 0, 0, 0, 0, 0, 0, 0
0.75, 0.33164, 0.33164, 0.33164, 0.33164, 0.33164, 0.33164, 0.33164, 0.33164, 0.33164, 0.33164, 0.33164, 0.33164, 0.33164, 0.33164, 0.33164
1.5, 0.6644, 0.6644, 0.6644, 0.6644, 0.6644, 0.6644, 0.6644, 0.6644, 0.6644, 0.6644, 0.6644, 0.6644, 0.6644, 0.6644, 0.6644
2.25, 0.99829, 0.99829, 0.99829, 0.99829, 0.99829, 0.99829, 0.99829, 0.99829, 0.99829, 0.99829, 0.99829, 0.99829, 0.99829, 0.99829, 0.99829
3, 1.3333, 1.3333, 1.3333, 1.3333, 1.3333, 1.3333, 1.3333, 1.3333, 1.3333, 1.3333, 1.3333, 1.3333, 1.3333, 1.3333, 1.3333
3.75, 1.6696, 1.6696, 1.6696, 1.6696, 1.6696, 1.6696, 1.6696, 1.6696, 1.6696, 1.6696, 1.6696, 1.6696, 1.6696, 1.6696, 1.6696
4.5, 2.0069, 2.0069, 2.0069, 2.0069, 2.0069, 2.0069, 2.0069, 2.0069, 2.0069, 2.0069, 2.0069, 2.0069, 2.0069, 2.0069, 2.0069
5.25, 2.3455, 2.3455, 2.3455, 2.3455, 2.3455, 2.3455, 2.3455, 2.3455, 2.3455, 2.3455, 2.3455, 2.3455, 2.3455, 2.3455, 2.3455
6, 2.6854, 2.6854, 2.6854, 2.6854, 2.6854, 2.6854, 2.6854, 2.6854, 2.6854, 2.6854, 2.6854, 2.6854, 2.6854, 2.6854, 2.6854
6.75, 3.0264, 3.0264, 3.0264, 3.0264, 3.0264, 3.0264, 3.0264, 3.0264, 3.0264, 3.0264, 3.0264, 3.0264, 3.0264, 3.0264, 3.0264
7.5, 3.3687, 3.3687, 3.3687, 3.3687, 3.3687, 3.3687, 3.3687, 3.3687, 3.3687, 3.3687, 3.3687, 3.3687, 3.3687, 3.3687, 3.3687
8.25, 3.7123, 3.7123, 3.7123, 3.7123, 3.7123, 3.7123, 3.7123, 3.7123, 3.7123, 3.7123, 3.7123, 3.7123, 3.7123, 3.7123, 3.7123
9, 4.0571, 4.0571, 4.0571, 4.0571, 4.0571, 4.0571, 4.0571, 4.0571, 4.0571, 4.0571, 4.0571, 4.0571, 4.0571, 4.0571, 4.0571
9.75, 4.4033, 4.4033, 4.4033, 4.4033, 4.4033, 4.4033, 4.4033, 4.4033, 4.4033, 4.4033, 4.4033, 4.4033, 4.4033, 4.4033, 4.4033
10.5, 4.7508, 4.7508, 4.7508, 4.7508, 4.7508, 4.7508, 4.7508, 4.7508, 4.7508, 4.7508, 4.7508, 4.7508, 4.7508, 4.7508, 4.7508
11.25, 5.0996, 5.0996, 5.0996, 5.0996, 5.0996, 5.0996, 5.0996, 5.0996, 5.0996, 5.0996, 5.0996, 5.0996, 5.0996, 5.0996, 5.0996
12, 5.4498, 5.4498, 5.4498, 5.4498, 5.4498, 5.4498, 5.4498, 5.4498, 5.4498, 5.4498, 5.4498, 5.4498, 5.4498, 5.4498, 5.4498
12.75, 5.8013, 5.8013, 5.8013, 5.8013, 5.8013, 5.8013, 5.8013, 5.8013, 5.8013, 5.8013, 5.8013, 5.8013, 5.8013, 5.8013, 5.8013
13.5, 6.1543, 6.1543, 6.1543, 6.1543, 6.1543, 6.1543, 6.1543, 6.1543, 6.1543, 6.1543, 6.1543, 6.1543, 6.1543, 6.1543, 6.1543
14.25, 6.5086, 6.5086, 6.5086, 6.5086, 6.5086, 6.5086, 6.5086, 6.5086, 6.5086, 6.5086, 6.5086, 6.5086, 6.5086, 6.5086, 6.5086
15, 6.8644, 6.8644, 6.8644, 6.8644, 6.8644, 6.8644, 6.8644, 6.8644, 6.8644, 6.8644, 6.8644, 6.8644, 6.8644, 6.8644, 6.8644
15.75, 7.2216, 7.2216, 7.2216, 7.2216, 7.2216, 7.2216, 7.2216, 7.2216, 7.2216, 7.2216, 7.2216, 7.2216, 7.2216, 7.2216, 7.2216
16.5, 7.5802, 7.5802, 7.5802, 7.5802, 7.5802, 7.5802, 7.5802, 7.5802, 7.5802, 7.5802, 7.5802, 7.5802, 7.5802, 7.5802, 7.5802
17.25, 7.9404, 7.9404, 7.9404, 7.9404, 7.9404, 7.9404, 7.9404, 7.9404, 7.9404, 7.9404, 7.9404, 7.9404, 7.9404, 7.9404, 7.9404
18, 8.302, 8.302, 8.302, 8.302, 8.302, 8.302, 8.302, 8.302, 8.302, 8.302, 8.302, 8.302, 8.302, 8.302, 8.302
18.75, 8.6652, 8.6652, 8.6652, 8.6652, 8.6652, 8.6652, 8.6652, 8.6652, 8.6652, 8.6652, 8.6652, 8.6652, 8.6652, 8.6652, 8.6652
19.5, 9.0298, 9.0298, 9.0298, 9.0298, 9.0298, 9.0298, 9.0298, 9.0298, 9.0298, 9.0298, 9.0298, 9.0298, 9.0298, 9.0298, 9.0298
20.25, 9.3961, 9.3961, 9.3961, 9.3961, 9.3961, 9.3961, 9.3961, 9.3961, 9.3961, 9.3961, 9.3961, 9.3961, 9.3961, 9.3961, 9.3961
21, 9.7639, 9.7639, 9.7639, 9.7639, 9.7639, 9.7639, 9.7639, 9.7639, 9.7639, 9.7639, 9.7639, 9.7639, 9.7639, 9.7639, 9.7639
21.75, 10.133, 10.133, 10.133, 10.133, 10.133, 10.133, 10.133, 10.133, 10.133, 10.133, 10.133, 10.133, 10.133, 10.133, 10.133
22.5, 10.504, 10.504, 10.504, 10.504, 10.504, 10.504, 10.504, 10.504, 10.504, 10.504, 10.504, 10.504, 10.504, 10.504, 10.504
23.25, 10.877, 10.877, 10.877, 10.877, 10.877, 10.877, 10.877, 10.877, 10.877, 10.877, 10.877, 10.877, 10.877, 10.877, 10.877
24, 11.251, 11.251, 11.251, 11.251, 11.251, 11.251, 11.251, 11.251, 11.251, 11.251, 11.251, 11.251, 11.251, 11.251, 11.251
24.75, 11.627, 11.627, 11.627, 11.627, 11.627, 11.627, 11.627, 11.627, 11.627, 11.627, 11.627, 11.627, 11.627, 11.627, 11.627
25.5, 12.005, 12.005, 12.005, 12.005, 12.005, 12.005, 12.005, 12.005, 12.005, 12.005, 12.005, 12.005, 12.005, 12.005, 12.005
26.25, 12.384, 12.384, 12.384, 12.384, 12.384, 12.384, 12.384, 12.384, 12.384, 12.384, 12.384, 12.384, 12.384, 12.384, 12.384
27, 12.765, 12.765, 12.765, 12.765, 12.765, 12.765, 12.765, 12.765, 12.765, 12.765, 12.765, 12.765, 12.765, 12.765, 12.765
27.75, 13.148, 13.148, 13.148, 13.148, 13.148, 13.148, 13.148, 13.148, 13.148, 13.148, 13.148, 13.148, 13.148, 13.148, 13.148
28.5, 13.532, 13.532, 13.532, 13.532, 13.532, 13.532, 13.532, 13.532, 13.532, 13.532, 13.532, 13.532, 13.532, 13.532, 13.532
29.25, 13.918, 13.918, 13.918, 13.918, 13.918, 13.918, 13.918, 13.918, 13.918, 13.918, 13.918, 13.918, 13.918, 13.918, 13.918
30, 14.306, 14.306, 14.306, 14.306, 14.306, 14.306, 14.306, 14.306, 14.306, 14.306, 14.306, 14.306, 14.306, 14.306, 14.306
30.75, 14.696, 14.696, 14.696, 14.696, 14.696, 14.696, 14.696, 14.696, 14.696, 14.696, 14.696, 14.696, 14.696, 14.696, 14.696
31.5, 15.088, 15.088, 15.088, 15.088, 15.088, 15.088, 15.088, 15.088, 15.088, 15.088, 15.088, 15.088, 15.088, 15.088, 15.088
32.25, 15.481, 15.481, 15.481, 15.481, 15.481, 15.481, 15.481, 15.481, 15.481, 15.481, 15.481, 15.481, 15.481, 15.481, 15.481
33, 15.877, 15.877, 15.877, 15.877, 15.877, 15.877, 15.877, 15.877, 15.877, 15.877, 15.877, 15.877, 15.877, 15.877, 15.877
33.75, 16.274, 16.274, 16.274, 16.274, 16.274, 16.274, 16.274, 16.274, 16.274, 16.274, 16.274, 16.274, 16.274, 16.274, 16.274
34.5, 16.673, 16.673, 16.673, 16.673, 16.673, 16.673, 16.673, 16.673, 16.673, 16.673, 16.673, 16.673, 16.673, 16.673, 16.673
35.25, 17.074, 17.074, 17.074, 17.074, 17.074, 17.074, 17.074, 17.074, 17.074, 17.074, 17.074, 17.074, 17.074, 17.074, 17.074
36, 17.477, 17.477, 17.477, 17.477, 17.477, 17.477, 17.477, 17.477, 17.477, 17.477, 17.477, 17.477, 17.477, 17.477, 17.477
36.75, 17.882, 17.882, 17.882, 17.882, 17.882, 17.882, 17.882, 17.882, 17.882, 17.882, 17.882, 17.882, 17.882, 17.882, 17.882
37.5, 18.289, 18.289, 18.289, 18.289, 18.289, 18.289, 18.289, 18.289, 18.289, 18.289, 18.289, 18.289, 18.289, 18.289, 18.289
38.25, 18.698, 18.698, 18.698, 18.698, 18.698, 18.698, 18.698, 18.698, 18.698, 18.698, 18.698, 18.698, 18.698, 18.698, 18.698
39, 19.109, 19.109, 19.109, 19.109, 19.109, 19.109, 19.109, 19.109, 19.109, 19.109, 19.109, 19.109, 19.109, 19.109, 19.109
39.75, 19.522, 19.522, 19.522, 19.522, 19.522, 19.522, 19.522, 19.522, 19.522, 19.522, 19.522, 19.522, 19.522, 19.522, 19.522
40.5, 19.937, 19.937, 19.937, 19.937, 19.937, 19.937, 19.937, 19.937, 19.937, 19.937, 19.937, 19.937, 19.937, 19.937, 19.937
41.25, 20.354, 20.354, 20.354, 20.354, 20.354, 20.354, 20.354, 20.354, 20.354, 20.354, 20.354, 20.354, 20.354, 20.354, 20.354
42, 20.774, 20.774, 20.774, 20.774, 20.774, 20.774, 20.774, 20.774, 20.774, 20.774, 20.774, 20.774, 20.774, 20.774, 20.774
42.75, 21.195, 21.195, 21.195, 21.195, 21.195, 21.195, 21.195, 21.195, 21.195, 21.195, 21.195, 21.195, 21.195, 21.195, 21.195
43.5, 21.619, 21.619, 21.619, 21.619, 21.619, 21.619, 21.619, 21.619, 21.619, 21.619, 21.619, 21.619, 21.619, 21.619, 21.619
44.25, 22.044, 22.044, 22.044, 22.044, 22.044, 22.044, 22.044, 22.044, 22.044, 22.044, 22.044, 22.044, 22.044, 22.044, 22.044
45, 22.472, 22.472, 22.472, 22.472, 22.472, 22.472, 22.472, 22.472, 22.472, 22.472, 22.472, 22.472, 22.472, 22.472, 22.472
45.75, 22.902, 22.902, 22.902, 22.902, 22.902, 22.902, 22.902, 22.902, 22.902, 22.902, 22.902, 22.902, 22.902, 22.902, 22.902
46.5, 23.335, 23.335, 23.335, 23.335, 23.335, 23.335, 23.335, 23.335, 23.335, 23.335, 23.335, 23.335, 23.335, 23.335, 23.335
47.25, 23.769, 23.769, 23.769, 23.769, 23.769, 23.769, 23.769, 23.769, 23.769, 23.769, 23.769, 23.769, 23.769, 23.769, 23.769
48, 24.206, 24.206, 24.206, 24.206, 24.206, 24.206, 24.206, 24.206, 24.206, 24.206, 24.206, 24.206, 24.206, 24.206, 24.206
48.75, 24.646, 24.646, 24.646, 24.646, 24.646, 24.646, 24.646, 24.646, 24.646, 24.646, 24.646, 24.646, 24.646, 24.646, 24.646
49.5, 25.087, 25.087, 25.087, 25.087, 25.087, 25.087, 25.087, 25.087, 25.087, 25.087, 25.087, 25.087, 25.087, 25.087, 25.087
50.25, 25.531, 25.531, 25.531, 25.531, 25.531, 25.531, 25.531, 25.531, 25.531, 25.531, 25.531, 25.531, 25.531, 25.531, 25.531
51, 25.977, 25.977, 25.977, 25.977, 25.977, 25.977, 25.977, 25.977, 25.977, 25.977, 25.977, 25.977, 25.977, 25.977, 25.977
51.75, 26.426, 26.426, 26.426, 26.426, 26.426, 26.426, 26.426, 26.426, 26.426, 26.426, 26.426, 26.426, 26.426, 26.426, 26.426
52.5, 26.877, 26.877, 26.877, 26.877, 26.877, 26.877, 26.877, 26.877, 26.877, 26.877, 26.877, 26.877, 26.877, 26.877, 26.877
53.25, 27.33, 27.33, 27.33, 27.33, 27.33, 27.33, 27.33, 27.33, 27.33, 27.33, 27.33, 27.33, 27.33, 27.33, 27.33
54, 27.786, 27.786, 27.786, 27.786, 27.786, 27.786, 27.786, 27.786, 27.786, 27.786, 27.786, 27.786, 27.786, 27.786, 27.786
54.75, 28.244, 28.244, 28.244, 28.244, 28.244, 28.244, 28.244, 28.244, 28.244, 28.244, 28.244, 28.244, 28.244, 28.244, 28.244
55.5, 28.705, 28.705, 28.705, 28.705, 28.705, 28.705, 28.705, 28.705, 28.705, 28.705, 28.705, 28.705, 28.705, 28.705, 28.705
56.25, 29.168, 29.168, 29.168, 29.168, 29.168, 29.168, 29.168, 29.168, 29.168, 29.168, 29.168, 29.168, 29.168, 29.168, 29.168
57, 29.634, 29.634, 29.634, 29.634, 29.634, 29.634, 29.634, 29.634, 29.634, 29.634, 29.634, 29.634, 29.634, 29.634, 29.634
57.75, 30.103, 30.103, 30.103, 30.103, 30.103, 30.103, 30.103, 30.103, 30.103, 30.103, 30.103, 30.103, 30.103, 30.103, 30.103
58.5, 30.574, 30.574, 30.574, 30.574, 30.574, 30.574, 30.574, 30.574, 30.574, 30.574, 30.574, 30.574, 30.574, 30.574, 30.574
59.25, 31.047, 31.047, 31.047, 31.047, 31.047, 31.047, 31.047, 31.047, 31.047, 31.047, 31.047, 31.047, 31.047, 31.047, 31.047
60, 31.524, 31.524, 31.524, 31.524, 31.524, 31.524, 31.524, 31.524, 31.524, 31.524, 31.524, 31.524, 31.524, 31.524, 31.524
60.75, 32.003, 32.003, 32.003, 32.003, 32.003, 32.003, 32.003, 32.003, 32.003, 32.003, 32.003, 32.003, 32.003, 32.003, 32.003
61.5, 32.484, 32.484, 32.484, 32.484, 32.484, 32.484, 32.484, 32.484, 32.484, 32.484, 32.484, 32.484, 32.484, 32.484, 32.484
62.25, 32.969, 32.969, 32.969, 32.969, 32.969, 32.969, 32.969, 32.969, 32.969, 32.969, 32.969, 32.969, 32.969, 32.969, 32.969
63, 33.456, 33.456, 33.456, 33.456, 33.456, 33.456, 33.456, 33.456, 33.456, 33.456, 33.456, 33.456, 33.456, 33.456, 33.456
63.75, 33.946, 33.946, 33.946, 33.946, 33.946, 33.946, 33.946, 33.946, 33.946, 33.946, 33.946, 33.946, 33.946, 33.946, 33.946
64.5, 34.438, 34.438, 34.438, 34.438, 34.438, 34.438, 34.438, 34.438, 34.438, 34.438, 34.438, 34.438, 34.438, 34.438, 34.438
65.25, 34.934, 34.934, 34.934, 34.934, 34.934, 34.934, 34.934, 34.934, 34.934, 34.934, 34.934, 34.934, 34.934, 34.934, 34.934
66, 35.432, 35.432, 35.432, 35.432, 35.432, 35.432, 35.432, 35.432, 35.432, 35.432, 35.432, 35.432, 35.432, 35.432, 35.432
66.75, 35.933, 35.933, 35.933, 35.933, 35.933, 35.933, 35.933, 35.933, 35.933, 35.933, 35.933, 35.933, 35.933, 35.933, 35.933
67.5, 36.437, 36.437, 36.437, 36.437, 36.437, 36.437, 36.437, 36.437, 36.437, 36.437, 36.437, 36.437, 36.437, 36.437, 36.437
68.25, 36.944, 36.944, 36.944, 36.944, 36.944, 36.944, 36.944, 36.944, 36.944, 36.944, 36.944, 36.944, 36.944, 36.944, 36.944
69, 37.454, 37.454, 37.454, 37.454, 37.454, 37.454, 37.454, 37.454, 37.454, 37.454, 37.454, 37.454, 37.454, 37.454, 37.454
69.75, 37.967, 37.967, 37.967, 37.967, 37.967, 37.967, 37.967, 37.967, 37.967, 37.967, 37.967, 37.967, 37.967, 37.967, 37.967
70.5, 38.483, 38.483, 38.483, 38.483, 38.483, 38.483, 38.483, 38.483, 38.483, 38.483, 38.483, 38.483, 38.483, 38.483, 38.483
71.25, 39.003, 39.003, 39.003, 39.003, 39.003, 39.003, 39.003, 39.003, 39.003, 39.003, 39.003, 39.003, 39.003, 39.003, 39.003
72, 39.525, 39.525, 39.525, 39.525, 39.525, 39.525, 39.525, 39.525, 39.525, 39.525, 39.525, 39.525, 39.525, 39.525, 39.525
72.75, 40.05, 40.05, 40.05, 40.05, 40.05, 40.05, 40.05, 40.05, 40.05, 40.05, 40.05, 40.05, 40.05, 40.05, 40.05
73.5, 40.578, 40.578, 40.578, 40.578, 40.578, 40.578, 40.578, 40.578, 40.578, 40.578, 40.578, 40.578, 40.578, 40.578, 40.578
74.25, 41.11, 41.11, 41.11, 41.11, 41.11, 41.11, 41.11, 41.11, 41.11, 41.11, 41.11, 41.11, 41.11, 41.11, 41.11
75, 41.645, 41.645, 41.645, 41.645, 41.645, 41.645, 41.645, 41.645, 41.645, 41.645, 41.645, 41.645, 41.645, 41.645, 41.645
ENDTABLE

#RadioCtrl0 0    
#RadioCtrl1 0    

*KEYWORD steer_2d
*X_LABEL y_rack1
*Y_LABEL Road wheel steer
*X_LABEL_2 jnc_l1


#EMBEDDED_NOTES
#This dataset duplicates the C-Class Hatchback road wheel steering kinematics, so the results can be overlaid to demonstrate validity of the method.
#
#Note that the steer angle here is the incremental steer contributed by the steering system. It does not include passive steer effects like ride toe.
#END_EMBEDDED_NOTES

LOG_ENTRY Used Dataset: Generic Table; { 2D Steer } Steer Linkage Kinematics - LH (Base)
#Library : Generic Table
#DataSet : Steer Linkage Kinematics - LH (Base)
#Category: 2D Steer
#FileID  : GenTab_43bd670c-ed3c-4f03-85ec-af472438b667
#Product : CarSim 2020.0
#VehCode table

END
