PARSFILE
#FullDataName Generic Table`Steer Linkage Kinematics - LH (Full 2D)`2D Steer
#RingCtrl0 CARPET
#CheckBox0 1    

#MiscYellow0
isteer_2d 1
set_units steer_2d_carpet deg
set_units_table_row steer_2d_carpet mm
set_units_table_col steer_2d_carpet mm
#ENDMYellow

*3D_XLabel jnc_l1
*3D_YLabel y_rack1
*3D_ZLabel Road wheel steer

#DiagramTwo0
*3D_DATA 15, 201 ! columns x rows
steer_2d_CARPET 2D_LINEAR
0, -70, -60, -50, -40, -30, -20, -10, 0, 10, 20, 30, 40, 50, 60, 70
-75, -27.51, -27.932, -28.354, -28.776, -29.197, -29.619, -30.041, -30.463, -30.885, -31.307, -31.729, -32.151, -32.572, -32.994, -33.416
-74.25, -27.287, -27.696, -28.105, -28.515, -28.924, -29.333, -29.743, -30.152, -30.561, -30.971, -31.38, -31.789, -32.199, -32.608, -33.017
-73.5, -27.062, -27.459, -27.856, -28.253, -28.65, -29.047, -29.444, -29.841, -30.238, -30.635, -31.032, -31.429, -31.826, -32.223, -32.62
-72.75, -26.836, -27.221, -27.606, -27.991, -28.376, -28.761, -29.146, -29.531, -29.916, -30.301, -30.686, -31.071, -31.456, -31.841, -32.226
-72, -26.61, -26.984, -27.357, -27.73, -28.103, -28.477, -28.85, -29.223, -29.596, -29.969, -30.343, -30.716, -31.089, -31.462, -31.836
-71.25, -26.383, -26.745, -27.106, -27.468, -27.83, -28.192, -28.553, -28.915, -29.277, -29.638, -30, -30.362, -30.724, -31.085, -31.447
-70.5, -26.155, -26.506, -26.856, -27.206, -27.557, -27.907, -28.258, -28.608, -28.958, -29.309, -29.659, -30.01, -30.36, -30.71, -31.061
-69.75, -25.927, -26.266, -26.605, -26.945, -27.284, -27.623, -27.963, -28.302, -28.641, -28.981, -29.32, -29.659, -29.999, -30.338, -30.677
-69, -25.697, -26.026, -26.354, -26.683, -27.011, -27.34, -27.668, -27.997, -28.326, -28.654, -28.983, -29.311, -29.64, -29.968, -30.297
-68.25, -25.467, -25.785, -26.102, -26.42, -26.738, -27.056, -27.374, -27.692, -28.01, -28.328, -28.646, -28.964, -29.282, -29.599, -29.917
-67.5, -25.236, -25.544, -25.851, -26.159, -26.466, -26.774, -27.081, -27.389, -27.697, -28.004, -28.312, -28.619, -28.927, -29.234, -29.542
-66.75, -25.004, -25.302, -25.599, -25.896, -26.194, -26.491, -26.789, -27.086, -27.383, -27.681, -27.978, -28.276, -28.573, -28.87, -29.168
-66, -24.772, -25.059, -25.347, -25.634, -25.922, -26.209, -26.497, -26.784, -27.071, -27.359, -27.646, -27.934, -28.221, -28.509, -28.796
-65.25, -24.537, -24.815, -25.093, -25.371, -25.649, -25.926, -26.204, -26.482, -26.76, -27.038, -27.315, -27.593, -27.871, -28.149, -28.427
-64.5, -24.303, -24.571, -24.839, -25.108, -25.376, -25.644, -25.913, -26.181, -26.449, -26.718, -26.986, -27.254, -27.523, -27.791, -28.059
-63.75, -24.066, -24.325, -24.585, -24.844, -25.103, -25.362, -25.621, -25.88, -26.139, -26.398, -26.657, -26.916, -27.175, -27.435, -27.694
-63, -23.831, -24.081, -24.331, -24.581, -24.831, -25.081, -25.331, -25.581, -25.831, -26.081, -26.331, -26.581, -26.831, -27.081, -27.331
-62.25, -23.592, -23.834, -24.075, -24.316, -24.557, -24.799, -25.04, -25.281, -25.522, -25.763, -26.005, -26.246, -26.487, -26.728, -26.97
-61.5, -23.354, -23.586, -23.819, -24.052, -24.284, -24.517, -24.749, -24.982, -25.215, -25.447, -25.68, -25.912, -26.145, -26.378, -26.61
-60.75, -23.115, -23.339, -23.563, -23.787, -24.011, -24.236, -24.46, -24.684, -24.908, -25.132, -25.357, -25.581, -25.805, -26.029, -26.253
-60, -22.874, -23.09, -23.306, -23.522, -23.738, -23.954, -24.17, -24.386, -24.602, -24.818, -25.034, -25.25, -25.466, -25.682, -25.898
-59.25, -22.632, -22.84, -23.048, -23.256, -23.464, -23.672, -23.88, -24.088, -24.296, -24.504, -24.712, -24.92, -25.128, -25.336, -25.544
-58.5, -22.39, -22.59, -22.79, -22.99, -23.19, -23.391, -23.591, -23.791, -23.991, -24.191, -24.392, -24.592, -24.792, -24.992, -25.192
-57.75, -22.146, -22.338, -22.531, -22.724, -22.916, -23.109, -23.301, -23.494, -23.687, -23.879, -24.072, -24.264, -24.457, -24.65, -24.842
-57, -21.901, -22.086, -22.271, -22.456, -22.641, -22.827, -23.012, -23.197, -23.382, -23.567, -23.753, -23.938, -24.123, -24.308, -24.493
-56.25, -21.655, -21.833, -22.011, -22.189, -22.367, -22.545, -22.723, -22.901, -23.079, -23.257, -23.435, -23.613, -23.791, -23.969, -24.147
-55.5, -21.408, -21.579, -21.75, -21.921, -22.092, -22.263, -22.434, -22.605, -22.776, -22.947, -23.118, -23.289, -23.46, -23.631, -23.802
-54.75, -21.16, -21.324, -21.488, -21.653, -21.817, -21.981, -22.145, -22.309, -22.473, -22.637, -22.801, -22.965, -23.13, -23.294, -23.458
-54, -20.912, -21.069, -21.227, -21.384, -21.542, -21.699, -21.857, -22.014, -22.171, -22.329, -22.486, -22.644, -22.801, -22.959, -23.116
-53.25, -20.661, -20.812, -20.963, -21.114, -21.265, -21.416, -21.567, -21.718, -21.869, -22.02, -22.171, -22.322, -22.473, -22.624, -22.775
-52.5, -20.41, -20.555, -20.699, -20.844, -20.989, -21.134, -21.278, -21.423, -21.568, -21.712, -21.857, -22.002, -22.147, -22.291, -22.436
-51.75, -20.158, -20.296, -20.435, -20.574, -20.712, -20.851, -20.989, -21.128, -21.267, -21.405, -21.544, -21.682, -21.821, -21.96, -22.098
-51, -19.904, -20.037, -20.17, -20.302, -20.435, -20.568, -20.7, -20.833, -20.966, -21.098, -21.231, -21.364, -21.496, -21.629, -21.762
-50.25, -19.65, -19.777, -19.904, -20.03, -20.157, -20.284, -20.411, -20.538, -20.665, -20.792, -20.919, -21.046, -21.172, -21.299, -21.426
-49.5, -19.394, -19.515, -19.637, -19.758, -19.879, -20, -20.122, -20.243, -20.364, -20.486, -20.607, -20.728, -20.849, -20.971, -21.092
-48.75, -19.137, -19.253, -19.369, -19.485, -19.6, -19.716, -19.832, -19.948, -20.064, -20.18, -20.296, -20.411, -20.527, -20.643, -20.759
-48, -18.88, -18.99, -19.101, -19.212, -19.322, -19.433, -19.543, -19.654, -19.765, -19.875, -19.986, -20.096, -20.207, -20.318, -20.428
-47.25, -18.621, -18.726, -18.832, -18.937, -19.043, -19.148, -19.254, -19.359, -19.464, -19.57, -19.675, -19.781, -19.886, -19.992, -20.097
-46.5, -18.36, -18.461, -18.561, -18.662, -18.762, -18.863, -18.963, -19.064, -19.165, -19.265, -19.366, -19.466, -19.567, -19.667, -19.768
-45.75, -18.099, -18.194, -18.29, -18.386, -18.482, -18.577, -18.673, -18.769, -18.865, -18.961, -19.056, -19.152, -19.248, -19.344, -19.439
-45, -17.836, -17.927, -18.018, -18.11, -18.201, -18.292, -18.383, -18.474, -18.565, -18.656, -18.747, -18.838, -18.93, -19.021, -19.112
-44.25, -17.573, -17.66, -17.747, -17.833, -17.92, -18.007, -18.093, -18.18, -18.267, -18.353, -18.44, -18.527, -18.613, -18.7, -18.787
-43.5, -17.309, -17.391, -17.473, -17.556, -17.638, -17.72, -17.803, -17.885, -17.967, -18.05, -18.132, -18.214, -18.297, -18.379, -18.461
-42.75, -17.043, -17.121, -17.199, -17.277, -17.356, -17.434, -17.512, -17.59, -17.668, -17.746, -17.824, -17.903, -17.981, -18.059, -18.137
-42, -16.775, -16.849, -16.924, -16.998, -17.072, -17.146, -17.22, -17.294, -17.368, -17.442, -17.516, -17.59, -17.664, -17.739, -17.813
-41.25, -16.508, -16.578, -16.648, -16.718, -16.788, -16.859, -16.929, -16.999, -17.069, -17.139, -17.21, -17.28, -17.35, -17.42, -17.49
-40.5, -16.238, -16.304, -16.371, -16.437, -16.504, -16.57, -16.637, -16.703, -16.769, -16.836, -16.902, -16.969, -17.035, -17.102, -17.168
-39.75, -15.968, -16.031, -16.094, -16.157, -16.22, -16.282, -16.345, -16.408, -16.471, -16.534, -16.596, -16.659, -16.722, -16.785, -16.848
-39, -15.697, -15.756, -15.815, -15.875, -15.934, -15.993, -16.053, -16.112, -16.171, -16.231, -16.29, -16.349, -16.409, -16.468, -16.527
-38.25, -15.423, -15.479, -15.535, -15.591, -15.647, -15.703, -15.759, -15.815, -15.871, -15.927, -15.983, -16.039, -16.095, -16.151, -16.207
-37.5, -15.15, -15.203, -15.255, -15.308, -15.361, -15.414, -15.466, -15.519, -15.572, -15.624, -15.677, -15.73, -15.783, -15.835, -15.888
-36.75, -14.875, -14.924, -14.974, -15.023, -15.073, -15.123, -15.172, -15.222, -15.272, -15.321, -15.371, -15.421, -15.47, -15.52, -15.569
-36, -14.598, -14.645, -14.692, -14.738, -14.785, -14.832, -14.878, -14.925, -14.972, -15.018, -15.065, -15.112, -15.158, -15.205, -15.252
-35.25, -14.321, -14.365, -14.409, -14.453, -14.497, -14.54, -14.584, -14.628, -14.672, -14.716, -14.759, -14.803, -14.847, -14.891, -14.935
-34.5, -14.043, -14.084, -14.125, -14.166, -14.207, -14.248, -14.289, -14.33, -14.371, -14.412, -14.453, -14.494, -14.535, -14.576, -14.617
-33.75, -13.763, -13.801, -13.84, -13.878, -13.917, -13.955, -13.994, -14.032, -14.07, -14.109, -14.147, -14.186, -14.224, -14.263, -14.301
-33, -13.482, -13.518, -13.554, -13.59, -13.626, -13.662, -13.698, -13.734, -13.77, -13.806, -13.842, -13.878, -13.914, -13.95, -13.986
-32.25, -13.2, -13.234, -13.267, -13.301, -13.334, -13.368, -13.401, -13.435, -13.469, -13.502, -13.536, -13.569, -13.603, -13.636, -13.67
-31.5, -12.917, -12.948, -12.98, -13.011, -13.042, -13.073, -13.105, -13.136, -13.167, -13.199, -13.23, -13.261, -13.292, -13.324, -13.355
-30.75, -12.633, -12.663, -12.692, -12.721, -12.75, -12.779, -12.808, -12.837, -12.866, -12.895, -12.924, -12.953, -12.982, -13.011, -13.041
-30, -12.348, -12.375, -12.402, -12.429, -12.456, -12.483, -12.51, -12.537, -12.564, -12.591, -12.618, -12.645, -12.672, -12.699, -12.726
-29.25, -12.062, -12.087, -12.112, -12.137, -12.162, -12.187, -12.212, -12.237, -12.262, -12.287, -12.312, -12.337, -12.362, -12.387, -12.412
-28.5, -11.774, -11.797, -11.82, -11.843, -11.867, -11.89, -11.913, -11.936, -11.959, -11.982, -12.005, -12.029, -12.052, -12.075, -12.098
-27.75, -11.485, -11.507, -11.528, -11.55, -11.571, -11.592, -11.614, -11.635, -11.656, -11.678, -11.699, -11.72, -11.742, -11.763, -11.785
-27, -11.195, -11.215, -11.235, -11.254, -11.274, -11.294, -11.313, -11.333, -11.353, -11.372, -11.392, -11.412, -11.431, -11.451, -11.471
-26.25, -10.903, -10.921, -10.94, -10.958, -10.976, -10.994, -11.012, -11.03, -11.048, -11.066, -11.084, -11.102, -11.12, -11.139, -11.157
-25.5, -10.612, -10.629, -10.645, -10.662, -10.678, -10.695, -10.711, -10.728, -10.745, -10.761, -10.778, -10.794, -10.811, -10.827, -10.844
-24.75, -10.318, -10.333, -10.348, -10.363, -10.379, -10.394, -10.409, -10.424, -10.439, -10.454, -10.469, -10.485, -10.5, -10.515, -10.53
-24, -10.023, -10.037, -10.051, -10.065, -10.079, -10.092, -10.106, -10.12, -10.134, -10.148, -10.161, -10.175, -10.189, -10.203, -10.217
-23.25, -9.7278, -9.7404, -9.753, -9.7655, -9.7781, -9.7907, -9.8032, -9.8158, -9.8284, -9.8409, -9.8535, -9.8661, -9.8786, -9.8912, -9.9038
-22.5, -9.431, -9.4424, -9.4537, -9.4651, -9.4765, -9.4879, -9.4993, -9.5107, -9.5221, -9.5335, -9.5449, -9.5563, -9.5677, -9.579, -9.5904
-21.75, -9.133, -9.1433, -9.1536, -9.1638, -9.1741, -9.1844, -9.1947, -9.205, -9.2153, -9.2256, -9.2359, -9.2462, -9.2564, -9.2667, -9.277
-21, -8.8339, -8.8431, -8.8524, -8.8617, -8.8709, -8.8802, -8.8894, -8.8987, -8.908, -8.9172, -8.9265, -8.9357, -8.945, -8.9543, -8.9635
-20.25, -8.5336, -8.5419, -8.5502, -8.5585, -8.5668, -8.5751, -8.5834, -8.5917, -8.6, -8.6083, -8.6166, -8.6249, -8.6332, -8.6415, -8.6498
-19.5, -8.2321, -8.2395, -8.2469, -8.2543, -8.2618, -8.2692, -8.2766, -8.284, -8.2914, -8.2988, -8.3062, -8.3137, -8.3211, -8.3285, -8.3359
-18.75, -7.9296, -7.9361, -7.9427, -7.9493, -7.9559, -7.9625, -7.9691, -7.9757, -7.9823, -7.9889, -7.9955, -8.0021, -8.0087, -8.0153, -8.0218
-18, -7.6259, -7.6317, -7.6375, -7.6434, -7.6492, -7.655, -7.6609, -7.6667, -7.6725, -7.6784, -7.6842, -7.69, -7.6959, -7.7017, -7.7075
-17.25, -7.3211, -7.3262, -7.3313, -7.3365, -7.3416, -7.3467, -7.3519, -7.357, -7.3621, -7.3673, -7.3724, -7.3775, -7.3827, -7.3878, -7.3929
-16.5, -7.0151, -7.0195, -7.024, -7.0285, -7.033, -7.0375, -7.042, -7.0465, -7.051, -7.0555, -7.06, -7.0645, -7.069, -7.0735, -7.0779
-15.75, -6.708, -6.7119, -6.7158, -6.7197, -6.7236, -6.7275, -6.7314, -6.7353, -6.7392, -6.7431, -6.747, -6.7509, -6.7548, -6.7587, -6.7626
-15, -6.3998, -6.4032, -6.4065, -6.4099, -6.4133, -6.4166, -6.42, -6.4234, -6.4268, -6.4302, -6.4335, -6.4369, -6.4403, -6.4436, -6.447
-14.25, -6.0904, -6.0933, -6.0962, -6.0991, -6.102, -6.1049, -6.1078, -6.1107, -6.1136, -6.1165, -6.1194, -6.1223, -6.1252, -6.1281, -6.131
-13.5, -5.7799, -5.7823, -5.7848, -5.7873, -5.7897, -5.7922, -5.7946, -5.7971, -5.7996, -5.802, -5.8045, -5.8069, -5.8094, -5.8119, -5.8143
-12.75, -5.4683, -5.4704, -5.4724, -5.4745, -5.4766, -5.4787, -5.4807, -5.4828, -5.4849, -5.4869, -5.489, -5.4911, -5.4932, -5.4952, -5.4973
-12, -5.1556, -5.1573, -5.1591, -5.1608, -5.1625, -5.1642, -5.166, -5.1677, -5.1694, -5.1712, -5.1729, -5.1746, -5.1763, -5.1781, -5.1798
-11.25, -4.8417, -4.8432, -4.8446, -4.846, -4.8474, -4.8489, -4.8503, -4.8517, -4.8531, -4.8545, -4.856, -4.8574, -4.8588, -4.8602, -4.8617
-10.5, -4.5267, -4.5279, -4.529, -4.5302, -4.5313, -4.5325, -4.5336, -4.5348, -4.536, -4.5371, -4.5383, -4.5394, -4.5406, -4.5417, -4.5429
-9.75, -4.2106, -4.2115, -4.2125, -4.2134, -4.2143, -4.2152, -4.2162, -4.2171, -4.218, -4.219, -4.2199, -4.2208, -4.2217, -4.2227, -4.2236
-9, -3.8934, -3.8941, -3.8949, -3.8956, -3.8963, -3.897, -3.8978, -3.8985, -3.8992, -3.9, -3.9007, -3.9014, -3.9021, -3.9029, -3.9036
-8.25, -3.5751, -3.5756, -3.5762, -3.5768, -3.5773, -3.5779, -3.5784, -3.579, -3.5796, -3.5801, -3.5807, -3.5812, -3.5818, -3.5824, -3.5829
-7.5, -3.2556, -3.2561, -3.2565, -3.2569, -3.2573, -3.2578, -3.2582, -3.2586, -3.259, -3.2594, -3.2599, -3.2603, -3.2607, -3.2611, -3.2616
-6.75, -2.935, -2.9354, -2.9357, -2.936, -2.9363, -2.9366, -2.9369, -2.9372, -2.9375, -2.9378, -2.9381, -2.9384, -2.9387, -2.939, -2.9394
-6, -2.6134, -2.6136, -2.6138, -2.614, -2.6143, -2.6145, -2.6147, -2.6149, -2.6151, -2.6153, -2.6155, -2.6158, -2.616, -2.6162, -2.6164
-5.25, -2.2906, -2.2907, -2.2909, -2.291, -2.2912, -2.2913, -2.2915, -2.2916, -2.2917, -2.2919, -2.292, -2.2922, -2.2923, -2.2925, -2.2926
-4.5, -1.9667, -1.9668, -1.9668, -1.9669, -1.967, -1.9671, -1.9672, -1.9673, -1.9674, -1.9675, -1.9676, -1.9677, -1.9678, -1.9678, -1.9679
-3.75, -1.6416, -1.6417, -1.6417, -1.6418, -1.6418, -1.6419, -1.6419, -1.642, -1.6421, -1.6421, -1.6422, -1.6422, -1.6423, -1.6423, -1.6424
-3, -1.3155, -1.3155, -1.3156, -1.3156, -1.3156, -1.3156, -1.3157, -1.3157, -1.3157, -1.3158, -1.3158, -1.3158, -1.3158, -1.3159, -1.3159
-2.25, -0.9883, -0.98831, -0.98832, -0.98833, -0.98835, -0.98836, -0.98837, -0.98838, -0.98839, -0.9884, -0.98841, -0.98843, -0.98844, -0.98845, -0.98846
-1.5, -0.65998, -0.65998, -0.65998, -0.65999, -0.65999, -0.65999, -0.66, -0.66, -0.66, -0.66001, -0.66001, -0.66001, -0.66002, -0.66002, -0.66002
-0.75, -0.33054, -0.33054, -0.33054, -0.33054, -0.33054, -0.33054, -0.33054, -0.33054, -0.33054, -0.33054, -0.33054, -0.33054, -0.33054, -0.33054, -0.33054
0, 0, 0, 0, 0, 0, 0, 0, 0, 0, 0, 0, 0, 0, 0, 0
0.75, 0.33164, 0.33164, 0.33164, 0.33164, 0.33164, 0.33164, 0.33164, 0.33164, 0.33164, 0.33164, 0.33164, 0.33164, 0.33164, 0.33164, 0.33164
1.5, 0.66442, 0.66442, 0.66442, 0.66441, 0.66441, 0.66441, 0.6644, 0.6644, 0.6644, 0.66439, 0.66439, 0.66439, 0.66438, 0.66438, 0.66438
2.25, 0.99837, 0.99836, 0.99835, 0.99834, 0.99832, 0.99831, 0.9983, 0.99829, 0.99828, 0.99827, 0.99826, 0.99824, 0.99823, 0.99822, 0.99821
3, 1.3335, 1.3335, 1.3334, 1.3334, 1.3334, 1.3334, 1.3333, 1.3333, 1.3333, 1.3332, 1.3332, 1.3332, 1.3332, 1.3331, 1.3331
3.75, 1.67, 1.6699, 1.6699, 1.6698, 1.6698, 1.6697, 1.6697, 1.6696, 1.6695, 1.6695, 1.6694, 1.6694, 1.6693, 1.6693, 1.6692
4.5, 2.0075, 2.0074, 2.0074, 2.0073, 2.0072, 2.0071, 2.007, 2.0069, 2.0068, 2.0067, 2.0066, 2.0065, 2.0064, 2.0064, 2.0063
5.25, 2.3465, 2.3464, 2.3462, 2.3461, 2.3459, 2.3458, 2.3456, 2.3455, 2.3454, 2.3452, 2.3451, 2.3449, 2.3448, 2.3446, 2.3445
6, 2.6869, 2.6867, 2.6865, 2.6863, 2.686, 2.6858, 2.6856, 2.6854, 2.6852, 2.685, 2.6848, 2.6845, 2.6843, 2.6841, 2.6839
6.75, 3.0286, 3.0282, 3.0279, 3.0276, 3.0273, 3.027, 3.0267, 3.0264, 3.0261, 3.0258, 3.0255, 3.0252, 3.0249, 3.0246, 3.0242
7.5, 3.3717, 3.3712, 3.3708, 3.3704, 3.37, 3.3695, 3.3691, 3.3687, 3.3683, 3.3679, 3.3674, 3.367, 3.3666, 3.3662, 3.3657
8.25, 3.7162, 3.7157, 3.7151, 3.7145, 3.714, 3.7134, 3.7129, 3.7123, 3.7117, 3.7112, 3.7106, 3.7101, 3.7095, 3.7089, 3.7084
9, 4.0622, 4.0615, 4.0607, 4.06, 4.0593, 4.0586, 4.0578, 4.0571, 4.0564, 4.0556, 4.0549, 4.0542, 4.0535, 4.0527, 4.052
9.75, 4.4098, 4.4089, 4.4079, 4.407, 4.4061, 4.4052, 4.4042, 4.4033, 4.4024, 4.4014, 4.4005, 4.3996, 4.3987, 4.3977, 4.3968
10.5, 4.7589, 4.7577, 4.7566, 4.7554, 4.7543, 4.7531, 4.752, 4.7508, 4.7496, 4.7485, 4.7473, 4.7462, 4.745, 4.7439, 4.7427
11.25, 5.1096, 5.1081, 5.1067, 5.1053, 5.1039, 5.1024, 5.101, 5.0996, 5.0982, 5.0968, 5.0953, 5.0939, 5.0925, 5.0911, 5.0896
12, 5.4619, 5.4602, 5.4584, 5.4567, 5.455, 5.4533, 5.4515, 5.4498, 5.4481, 5.4463, 5.4446, 5.4429, 5.4412, 5.4394, 5.4377
12.75, 5.8158, 5.8137, 5.8117, 5.8096, 5.8075, 5.8054, 5.8034, 5.8013, 5.7992, 5.7972, 5.7951, 5.793, 5.7909, 5.7889, 5.7868
13.5, 6.1715, 6.1691, 6.1666, 6.1641, 6.1617, 6.1592, 6.1568, 6.1543, 6.1518, 6.1494, 6.1469, 6.1445, 6.142, 6.1395, 6.1371
14.25, 6.5289, 6.526, 6.5231, 6.5202, 6.5173, 6.5144, 6.5115, 6.5086, 6.5057, 6.5028, 6.4999, 6.497, 6.4941, 6.4912, 6.4883
15, 6.888, 6.8846, 6.8813, 6.8779, 6.8745, 6.8712, 6.8678, 6.8644, 6.861, 6.8576, 6.8543, 6.8509, 6.8475, 6.8441, 6.8408
15.75, 7.2489, 7.245, 7.2411, 7.2372, 7.2333, 7.2294, 7.2255, 7.2216, 7.2177, 7.2138, 7.2099, 7.206, 7.2021, 7.1982, 7.1943
16.5, 7.6116, 7.6072, 7.6027, 7.5982, 7.5937, 7.5892, 7.5847, 7.5802, 7.5757, 7.5712, 7.5667, 7.5622, 7.5577, 7.5532, 7.5488
17.25, 7.9763, 7.9712, 7.9661, 7.9609, 7.9558, 7.9507, 7.9455, 7.9404, 7.9353, 7.9301, 7.925, 7.9199, 7.9147, 7.9096, 7.9045
18, 8.3428, 8.337, 8.3312, 8.3253, 8.3195, 8.3137, 8.3078, 8.302, 8.2962, 8.2903, 8.2845, 8.2787, 8.2728, 8.267, 8.2612
18.75, 8.7113, 8.7048, 8.6982, 8.6916, 8.685, 8.6784, 8.6718, 8.6652, 8.6586, 8.652, 8.6454, 8.6388, 8.6322, 8.6256, 8.6191
19.5, 9.0817, 9.0743, 9.0669, 9.0595, 9.052, 9.0446, 9.0372, 9.0298, 9.0224, 9.015, 9.0076, 9.0001, 8.9927, 8.9853, 8.9779
20.25, 9.4542, 9.4459, 9.4376, 9.4293, 9.421, 9.4127, 9.4044, 9.3961, 9.3878, 9.3795, 9.3712, 9.3629, 9.3546, 9.3463, 9.338
21, 9.8287, 9.8195, 9.8102, 9.8009, 9.7917, 9.7824, 9.7732, 9.7639, 9.7546, 9.7454, 9.7361, 9.7269, 9.7176, 9.7083, 9.6991
21.75, 10.205, 10.195, 10.184, 10.174, 10.164, 10.154, 10.143, 10.133, 10.123, 10.112, 10.102, 10.092, 10.082, 10.071, 10.061
22.5, 10.584, 10.572, 10.561, 10.55, 10.538, 10.527, 10.515, 10.504, 10.493, 10.481, 10.47, 10.458, 10.447, 10.436, 10.424
23.25, 10.965, 10.952, 10.94, 10.927, 10.915, 10.902, 10.89, 10.877, 10.864, 10.852, 10.839, 10.827, 10.814, 10.802, 10.789
24, 11.348, 11.334, 11.32, 11.306, 11.292, 11.279, 11.265, 11.251, 11.237, 11.223, 11.21, 11.196, 11.182, 11.168, 11.154
24.75, 11.733, 11.718, 11.703, 11.688, 11.672, 11.657, 11.642, 11.627, 11.612, 11.597, 11.582, 11.566, 11.551, 11.536, 11.521
25.5, 12.121, 12.104, 12.088, 12.071, 12.055, 12.038, 12.022, 12.005, 11.988, 11.972, 11.955, 11.939, 11.922, 11.906, 11.889
26.25, 12.511, 12.493, 12.474, 12.456, 12.438, 12.42, 12.402, 12.384, 12.366, 12.348, 12.33, 12.312, 12.294, 12.275, 12.257
27, 12.903, 12.883, 12.863, 12.844, 12.824, 12.804, 12.785, 12.765, 12.745, 12.726, 12.706, 12.686, 12.667, 12.647, 12.627
27.75, 13.298, 13.276, 13.255, 13.233, 13.212, 13.191, 13.169, 13.148, 13.127, 13.105, 13.084, 13.063, 13.041, 13.02, 12.998
28.5, 13.694, 13.671, 13.648, 13.625, 13.601, 13.578, 13.555, 13.532, 13.509, 13.486, 13.463, 13.439, 13.416, 13.393, 13.37
29.25, 14.093, 14.068, 14.043, 14.018, 13.993, 13.968, 13.943, 13.918, 13.893, 13.868, 13.843, 13.818, 13.793, 13.768, 13.743
30, 14.495, 14.468, 14.441, 14.414, 14.387, 14.36, 14.333, 14.306, 14.279, 14.252, 14.225, 14.198, 14.171, 14.144, 14.117
30.75, 14.9, 14.87, 14.841, 14.812, 14.783, 14.754, 14.725, 14.696, 14.667, 14.638, 14.609, 14.58, 14.551, 14.522, 14.492
31.5, 15.307, 15.276, 15.244, 15.213, 15.182, 15.151, 15.119, 15.088, 15.057, 15.025, 14.994, 14.963, 14.932, 14.9, 14.869
32.25, 15.716, 15.682, 15.649, 15.615, 15.582, 15.548, 15.515, 15.481, 15.447, 15.414, 15.38, 15.347, 15.313, 15.28, 15.246
33, 16.129, 16.093, 16.057, 16.021, 15.985, 15.949, 15.913, 15.877, 15.841, 15.805, 15.769, 15.733, 15.697, 15.661, 15.625
33.75, 16.543, 16.505, 16.466, 16.428, 16.389, 16.351, 16.312, 16.274, 16.236, 16.197, 16.159, 16.12, 16.082, 16.043, 16.005
34.5, 16.96, 16.919, 16.878, 16.837, 16.796, 16.755, 16.714, 16.673, 16.632, 16.591, 16.55, 16.509, 16.468, 16.427, 16.386
35.25, 17.381, 17.337, 17.293, 17.249, 17.205, 17.162, 17.118, 17.074, 17.03, 16.986, 16.943, 16.899, 16.855, 16.811, 16.767
36, 17.804, 17.757, 17.71, 17.664, 17.617, 17.57, 17.524, 17.477, 17.43, 17.384, 17.337, 17.29, 17.244, 17.197, 17.15
36.75, 18.229, 18.18, 18.13, 18.081, 18.031, 17.981, 17.932, 17.882, 17.832, 17.783, 17.733, 17.683, 17.634, 17.584, 17.535
37.5, 18.658, 18.605, 18.553, 18.5, 18.447, 18.394, 18.342, 18.289, 18.236, 18.184, 18.131, 18.078, 18.025, 17.973, 17.92
38.25, 19.09, 19.034, 18.978, 18.922, 18.866, 18.81, 18.754, 18.698, 18.642, 18.586, 18.53, 18.474, 18.418, 18.362, 18.306
39, 19.524, 19.465, 19.406, 19.346, 19.287, 19.228, 19.168, 19.109, 19.05, 18.99, 18.931, 18.872, 18.812, 18.753, 18.694
39.75, 19.962, 19.899, 19.836, 19.773, 19.71, 19.648, 19.585, 19.522, 19.459, 19.396, 19.334, 19.271, 19.208, 19.145, 19.082
40.5, 20.402, 20.336, 20.269, 20.203, 20.136, 20.07, 20.003, 19.937, 19.871, 19.804, 19.738, 19.671, 19.605, 19.538, 19.472
41.25, 20.845, 20.775, 20.705, 20.635, 20.565, 20.494, 20.424, 20.354, 20.284, 20.214, 20.143, 20.073, 20.003, 19.933, 19.863
42, 21.293, 21.219, 21.144, 21.07, 20.996, 20.922, 20.848, 20.774, 20.7, 20.626, 20.552, 20.478, 20.404, 20.329, 20.255
42.75, 21.742, 21.664, 21.586, 21.508, 21.429, 21.351, 21.273, 21.195, 21.117, 21.039, 20.961, 20.882, 20.804, 20.726, 20.648
43.5, 22.195, 22.113, 22.031, 21.948, 21.866, 21.784, 21.701, 21.619, 21.537, 21.454, 21.372, 21.29, 21.207, 21.125, 21.043
44.25, 22.651, 22.564, 22.477, 22.391, 22.304, 22.217, 22.131, 22.044, 21.957, 21.871, 21.784, 21.697, 21.611, 21.524, 21.437
45, 23.11, 23.019, 22.928, 22.837, 22.745, 22.654, 22.563, 22.472, 22.381, 22.29, 22.199, 22.108, 22.016, 21.925, 21.834
45.75, 23.572, 23.477, 23.381, 23.285, 23.189, 23.094, 22.998, 22.902, 22.806, 22.71, 22.615, 22.519, 22.423, 22.327, 22.232
46.5, 24.039, 23.938, 23.838, 23.737, 23.637, 23.536, 23.436, 23.335, 23.234, 23.134, 23.033, 22.933, 22.832, 22.732, 22.631
47.25, 24.507, 24.402, 24.296, 24.191, 24.085, 23.98, 23.874, 23.769, 23.664, 23.558, 23.453, 23.347, 23.242, 23.136, 23.031
48, 24.98, 24.87, 24.759, 24.648, 24.538, 24.427, 24.317, 24.206, 24.095, 23.985, 23.874, 23.764, 23.653, 23.542, 23.432
48.75, 25.457, 25.341, 25.225, 25.109, 24.994, 24.878, 24.762, 24.646, 24.53, 24.414, 24.298, 24.183, 24.067, 23.951, 23.835
49.5, 25.936, 25.815, 25.693, 25.572, 25.451, 25.33, 25.208, 25.087, 24.966, 24.844, 24.723, 24.602, 24.481, 24.359, 24.238
50.25, 26.419, 26.292, 26.165, 26.039, 25.912, 25.785, 25.658, 25.531, 25.404, 25.277, 25.15, 25.023, 24.897, 24.77, 24.643
51, 26.906, 26.773, 26.64, 26.508, 26.375, 26.242, 26.11, 25.977, 25.844, 25.712, 25.579, 25.446, 25.314, 25.181, 25.048
51.75, 27.396, 27.258, 27.119, 26.98, 26.842, 26.703, 26.565, 26.426, 26.287, 26.149, 26.01, 25.872, 25.733, 25.594, 25.456
52.5, 27.89, 27.745, 27.601, 27.456, 27.311, 27.166, 27.022, 26.877, 26.732, 26.588, 26.443, 26.298, 26.153, 26.009, 25.864
53.25, 28.387, 28.236, 28.085, 27.934, 27.783, 27.632, 27.481, 27.33, 27.179, 27.028, 26.877, 26.726, 26.575, 26.424, 26.273
54, 28.888, 28.731, 28.573, 28.416, 28.258, 28.101, 27.943, 27.786, 27.629, 27.471, 27.314, 27.156, 26.999, 26.841, 26.684
54.75, 29.393, 29.229, 29.065, 28.9, 28.736, 28.572, 28.408, 28.244, 28.08, 27.916, 27.752, 27.588, 27.423, 27.259, 27.095
55.5, 29.902, 29.731, 29.56, 29.389, 29.218, 29.047, 28.876, 28.705, 28.534, 28.363, 28.192, 28.021, 27.85, 27.679, 27.508
56.25, 30.414, 30.236, 30.058, 29.88, 29.702, 29.524, 29.346, 29.168, 28.99, 28.812, 28.634, 28.456, 28.278, 28.1, 27.922
57, 30.93, 30.745, 30.56, 30.375, 30.19, 30.004, 29.819, 29.634, 29.449, 29.264, 29.078, 28.893, 28.708, 28.523, 28.338
57.75, 31.451, 31.259, 31.066, 30.873, 30.681, 30.488, 30.296, 30.103, 29.91, 29.718, 29.525, 29.333, 29.14, 28.947, 28.755
58.5, 31.975, 31.775, 31.575, 31.375, 31.175, 30.974, 30.774, 30.574, 30.374, 30.174, 29.973, 29.773, 29.573, 29.373, 29.173
59.25, 32.503, 32.295, 32.087, 31.879, 31.671, 31.463, 31.255, 31.047, 30.839, 30.631, 30.423, 30.215, 30.007, 29.799, 29.591
60, 33.036, 32.82, 32.604, 32.388, 32.172, 31.956, 31.74, 31.524, 31.308, 31.092, 30.876, 30.66, 30.444, 30.228, 30.012
60.75, 33.572, 33.348, 33.124, 32.9, 32.676, 32.451, 32.227, 32.003, 31.779, 31.555, 31.33, 31.106, 30.882, 30.658, 30.434
61.5, 34.112, 33.88, 33.647, 33.414, 33.182, 32.949, 32.717, 32.484, 32.251, 32.019, 31.786, 31.554, 31.321, 31.088, 30.856
62.25, 34.658, 34.416, 34.175, 33.934, 33.693, 33.451, 33.21, 32.969, 32.728, 32.487, 32.245, 32.004, 31.763, 31.522, 31.28
63, 35.206, 34.956, 34.706, 34.456, 34.206, 33.956, 33.706, 33.456, 33.206, 32.956, 32.706, 32.456, 32.206, 31.956, 31.706
63.75, 35.76, 35.501, 35.241, 34.982, 34.723, 34.464, 34.205, 33.946, 33.687, 33.428, 33.169, 32.91, 32.651, 32.391, 32.132
64.5, 36.316, 36.048, 35.78, 35.511, 35.243, 34.975, 34.706, 34.438, 34.17, 33.901, 33.633, 33.365, 33.096, 32.828, 32.56
65.25, 36.879, 36.601, 36.323, 36.045, 35.767, 35.49, 35.212, 34.934, 34.656, 34.378, 34.101, 33.823, 33.545, 33.267, 32.989
66, 37.444, 37.157, 36.869, 36.582, 36.294, 36.007, 35.719, 35.432, 35.145, 34.857, 34.57, 34.282, 33.995, 33.707, 33.42
66.75, 38.015, 37.717, 37.42, 37.123, 36.825, 36.528, 36.23, 35.933, 35.636, 35.338, 35.041, 34.743, 34.446, 34.149, 33.851
67.5, 38.59, 38.282, 37.975, 37.667, 37.36, 37.052, 36.745, 36.437, 36.129, 35.822, 35.514, 35.207, 34.899, 34.592, 34.284
68.25, 39.169, 38.851, 38.534, 38.216, 37.898, 37.58, 37.262, 36.944, 36.626, 36.308, 35.99, 35.672, 35.354, 35.037, 34.719
69, 39.754, 39.425, 39.097, 38.768, 38.44, 38.111, 37.783, 37.454, 37.125, 36.797, 36.468, 36.14, 35.811, 35.483, 35.154
69.75, 40.342, 40.003, 39.664, 39.324, 38.985, 38.646, 38.306, 37.967, 37.628, 37.288, 36.949, 36.61, 36.27, 35.931, 35.592
70.5, 40.936, 40.585, 40.235, 39.885, 39.534, 39.184, 38.833, 38.483, 38.133, 37.782, 37.432, 37.081, 36.731, 36.381, 36.03
71.25, 41.535, 41.173, 40.812, 40.45, 40.088, 39.726, 39.365, 39.003, 38.641, 38.28, 37.918, 37.556, 37.194, 36.833, 36.471
72, 42.138, 41.764, 41.391, 41.018, 40.645, 40.271, 39.898, 39.525, 39.152, 38.779, 38.405, 38.032, 37.659, 37.286, 36.912
72.75, 42.745, 42.36, 41.975, 41.59, 41.205, 40.82, 40.435, 40.05, 39.665, 39.28, 38.895, 38.51, 38.125, 37.74, 37.355
73.5, 43.357, 42.96, 42.563, 42.166, 41.769, 41.372, 40.975, 40.578, 40.181, 39.784, 39.387, 38.99, 38.593, 38.196, 37.799
74.25, 43.975, 43.566, 43.157, 42.747, 42.338, 41.929, 41.519, 41.11, 40.701, 40.291, 39.882, 39.473, 39.063, 38.654, 38.245
75, 44.598, 44.176, 43.754, 43.333, 42.911, 42.489, 42.067, 41.645, 41.223, 40.801, 40.379, 39.958, 39.536, 39.114, 38.692
ENDTABLE

#RadioCtrl0 0    
#RadioCtrl1 0    

*KEYWORD steer_2d
*X_LABEL y_rack1
*Y_LABEL Road wheel steer
*X_LABEL_2 jnc_l1


#EMBEDDED_NOTES
#This dataset just duplicates the example C-Class hathcback kinematics, so the results can be overlaid to demonstrate validity of the method.
#
#Note that the steer angle here is the incremental steer contributed by the steering system. It does not include passive steer effects like ride toe.
#END_EMBEDDED_NOTES

LOG_ENTRY Used Dataset: Generic Table; { 2D Steer } Steer Linkage Kinematics - LH (Full 2D)
#Library : Generic Table
#DataSet : Steer Linkage Kinematics - LH (Full 2D)
#Category: 2D Steer
#FileID  : GenTab_96e53598-ca8d-4e10-a313-872ec4b7a906
#Product : CarSim 2020.0
#VehCode table

END
