PARSFILE
#FullDataName Control: Steering Torque (Open Loop)`Sine Sweep Torque`
OPT_DM 0
OPT_STR_BY_TRQ 1
#CheckBox0 0    

#RingCtrl0 SPLINE_FLAT
#RadioCtrl0 0    

#DiagramOne0
M_STR_IN_TABLE SPLINE_FLAT
0, 0
0.6, 0.115
1.2, 0.3225
1.79, 0.59
2.38, 0.905
2.96, 1.26
3.55, 1.6475
4.13, 2.0625
4.7, 2.4975
5.28, 2.9475
5.85, 3.4
6.42, 3.8425
6.99, 4.26
7.55, 4.63
8.11, 4.925
8.67, 5.1225
9.23, 5.1875
9.78, 5.09
10.33, 4.805
10.88, 4.3075
11.42, 3.5975
11.96, 2.685
12.5, 1.6025
13.04, 0.42
13.57, -0.765
14.1, -1.845
14.63, -2.6825
15.16, -3.1575
15.68, -3.175
16.2, -2.705
16.72, -1.7825
17.23, -0.555
17.74, 0.7525
18.25, 1.865
18.76, 2.5275
19.26, 2.5475
19.77, 1.8825
20.27, 0.6975
20.76, -0.67
21.26, -1.8025
21.75, -2.29
22.24, -1.9325
22.73, -0.8525
23.22, 0.565
23.7, 1.7025
24.18, 2.0625
24.66, 1.445
25.13, 0.125
25.6, -1.2325
26.08, -1.9025
26.54, -1.49
27.01, -0.2075
27.47, 1.1675
27.94, 1.7875
28.4, 1.2125
28.85, -0.1775
29.3, -1.415
29.76, -1.6
30.21, -0.57
30.66, 0.89
31.1, 1.605
31.54, 0.9725
31.99, -0.4925
32.42, -1.4875
32.86, -1.115
33.3, 0.2875
33.73, 1.395
34.16, 1.1075
34.59, -0.2975
35.01, -1.37
35.44, -0.9775
35.86, 0.4775
36.28, 1.3725
36.7, 0.695
37.11, -0.78
37.52, -1.305
37.94, -0.2425
38.34, 1.1
38.75, 1.0375
39.16, -0.3675
39.56, -1.2625
39.96, -0.4625
40.36, 0.945
40.76, 1.03
41.16, -0.34
41.55, -1.2025
41.94, -0.31
42.33, 1.0225
42.72, 0.81
43.1, -0.6225
43.48, -1.08
43.87, 0.165
44.24, 1.1275
44.62, 0.275
45, -1.0125
45.37, -0.6225
45.74, 0.795
46.12, 0.8475
46.48, -0.5475
46.85, -0.9775
47.22, 0.305
47.58, 1.0325
47.94, -0.09
48.3, -1.035
48.66, -0.09
49.01, 1.0075
49.37, 0.2125
49.72, -0.97
50.07, -0.2975
50.42, 0.935
50.77, 0.3525
51.11, -0.9025
51.46, -0.38
51.8, 0.8825
52.14, 0.385
52.48, -0.88
52.81, -0.3525
53.15, 0.8825
53.48, 0.3
53.81, -0.8925
54.14, -0.21
54.47, 0.9025
54.8, 0.12
55.12, -0.905
55.45, 0.02
55.77, 0.8925
56.09, -0.1525
56.41, -0.855
56.72, 0.31
57.04, 0.785
57.36, -0.4775
57.67, -0.6675
57.98, 0.615
58.29, 0.5125
58.6, -0.745
58.9, -0.325
59.2, 0.8175
59.51, 0.095
59.81, -0.835
60.11, 0.1625
60.41, 0.78
60.71, -0.405
61, -0.6375
61.3, 0.6025
61.59, 0.44
61.88, -0.745
62.17, -0.1625
62.46, 0.8
62.75, -0.1325
63.03, -0.745
63.32, 0.405
63.6, 0.58
63.88, -0.6275
64.16, -0.3325
64.44, 0.755
64.72, 0.0225
64.99, -0.7575
65.26, 0.28
65.54, 0.625
65.81, -0.5575
66.08, -0.39
66.35, 0.7125
66.62, 0.08
66.88, -0.7425
67.15, 0.2525
67.41, 0.6225
67.68, -0.5375
67.94, -0.375
68.2, 0.7
68.45, 0.0625
68.71, -0.7175
68.97, 0.285
69.22, 0.5875
69.47, -0.54
69.72, -0.335
69.98, 0.695
70.23, -0.01
70.48, -0.6875
70.72, 0.32
70.97, 0.5275
71.21, -0.575
71.46, -0.25
71.7, 0.69
71.94, -0.085
72.18, -0.655
72.42, 0.3825
72.65, 0.47
72.89, -0.5975
73.12, -0.18
73.36, 0.6825
73.59, -0.15
73.82, -0.605
74.05, 0.4275
74.28, 0.3925
74.51, -0.62
74.74, -0.1175
74.96, 0.665
75.19, -0.2
75.41, -0.5675
75.63, 0.455
75.86, 0.35
76.08, -0.6225
76.29, -0.085
76.51, 0.65
76.73, -0.2125
76.94, -0.55
77.16, 0.4625
77.37, 0.3475
77.58, -0.605
77.8, -0.085
78.01, 0.6375
78.22, -0.19
78.42, -0.555
78.63, 0.4225
78.84, 0.3675
79.04, -0.5775
79.25, -0.135
79.45, 0.63
79.66, -0.13
79.86, -0.5775
80.06, 0.35
80.26, 0.435
80.45, -0.5125
80.65, -0.2325
80.85, 0.605
81.04, 0.0275
81.24, -0.6075
81.43, 0.195
81.62, 0.5375
81.81, -0.385
82, -0.395
82.19, 0.52
82.38, 0.2275
82.57, -0.5925
82.76, -0.025
82.94, 0.6
83.13, -0.1725
83.31, -0.5425
83.49, 0.3225
83.68, 0.445
83.86, -0.455
84.04, -0.3175
84.22, 0.5425
84.4, 0.1575
84.57, -0.585
84.75, -0.0175
84.92, 0.585
85.1, -0.135
85.27, -0.555
85.45, 0.2675
85.62, 0.4875
85.79, -0.375
85.96, -0.4125
86.13, 0.4575
86.3, 0.315
86.47, -0.5125
86.64, -0.2125
86.8, 0.5475
86.97, 0.1175
87.13, -0.57
87.3, -0.03
87.46, 0.5725
87.62, -0.0475
87.78, -0.56
87.94, 0.13
88.1, 0.5425
88.26, -0.2
88.42, -0.5225
88.58, 0.2525
88.74, 0.495
88.89, -0.29
89.05, -0.4675
89.2, 0.315
89.36, 0.445
89.51, -0.3475
89.66, -0.43
89.81, 0.365
89.96, 0.4225
90.11, -0.3725
90.26, -0.4125
90.41, 0.37
90.56, 0.41
90.7, -0.3725
90.85, -0.4175
91, 0.3625
91.14, 0.42
91.28, -0.3425
91.43, -0.4325
91.57, 0.31
91.71, 0.4525
91.85, -0.28
91.99, -0.4775
92.13, 0.2375
92.27, 0.4975
92.41, -0.175
92.55, -0.5175
92.68, 0.12
92.82, 0.5325
92.96, -0.0475
93.09, -0.5375
93.22, -0.0425
93.36, 0.5275
93.49, 0.125
93.62, -0.505
93.76, -0.22
93.88, 0.4525
94.02, 0.32
94.14, -0.38
94.28, -0.4
94.4, 0.2975
94.53, 0.47
94.66, -0.165
94.78, -0.5175
94.91, 0.025
95.04, 0.525
95.16, 0.11
95.28, -0.4925
95.41, -0.2525
95.53, 0.4025
95.65, 0.385
95.77, -0.2775
95.89, -0.485
96.01, 0.105
96.13, 0.52
96.25, 0.075
96.37, -0.4925
96.49, -0.2625
96.6, 0.3825
96.72, 0.405
96.84, -0.23
96.96, -0.5
97.07, 0.005
97.18, 0.505
97.3, 0.2175
97.41, -0.415
97.52, -0.3925
97.64, 0.23
97.75, 0.4975
97.86, 0.025
97.97, -0.49
98.08, -0.27
98.19, 0.36
98.3, 0.4425
98.4, -0.1225
98.51, -0.5075
98.62, -0.1425
98.72, 0.4175
98.83, 0.3825
98.94, -0.1975
99.04, -0.5
99.15, -0.0775
99.25, 0.4525
99.36, 0.345
99.46, -0.225
99.56, -0.495
99.66, -0.085
99.76, 0.4475
99.86, 0.36
99.96, -0.21
100.06, -0.4975
100.16, -0.1175
100.26, 0.42
100.36, 0.405
100.46, -0.145
100.56, -0.495
100.65, -0.2175
100.75, 0.3525
100.85, 0.4525
100.94, -0.0025
101.04, -0.4625
101.13, -0.33
101.22, 0.205
101.32, 0.4925
101.41, 0.1675
101.5, -0.3575
101.6, -0.4525
101.69, 0
101.78, 0.4525
101.87, 0.355
101.96, -0.15
102.05, -0.4875
102.14, -0.25
102.23, 0.29
102.32, 0.48
102.41, 0.1225
102.5, -0.3725
102.58, -0.4425
102.67, -0.03
102.76, 0.4275
102.84, 0.4075
102.93, -0.07
103.01, -0.4575
103.1, -0.3575
103.18, 0.125
103.26, 0.4725
103.35, 0.3125
103.43, -0.1825
103.52, -0.48
103.6, -0.2825
103.68, 0.22
103.76, 0.48
104, 0
ENDTABLE
*SCALAR 0


LOG_ENTRY Used Dataset: Control: Steering Torque (Open Loop); Sine Sweep Torque
#Library : Control: Steering Torque (Open Loop)
#DataSet : Sine Sweep Torque
#Category: 
#FileID  : StrTrq_97f62cfa-87af-4f74-9b81-6cb4922b3ffe
#Product : CarSim 2020.0
#VehCode Open-Loop Steering Torque

END
