PARSFILE
#FullDataName Suspension: Ride Rate (Spring + Tire)`42.4 N/mm, Bmp. 6250 N, Strk. 150 mm`
#CheckBox0 0    
#DiagramOne0
FS_COMP_TABLE
-62.6113043478, -1314.266
-61.1765217391, -494.266
-57.0982608696, -282.266
-53.02, -70.266
-48.9417391304, 141.734
-44.8634782609, 353.734
-40.7852173913, 565.734
-36.7069565217, 777.734
-32.6286956522, 989.734
-28.5504347826, 1201.734
-24.472173913, 1413.734
-20.3939130435, 1625.734
-16.3156521739, 1837.734
-12.2373913043, 2049.734
-8.15913043478, 2261.734
-4.08086956522, 2473.734
-0.00260869565217, 2685.734
4.07565217391, 2897.734
8.15391304348, 3109.734
12.232173913, 3321.734
16.3104347826, 3533.734
20.3886956522, 3745.734
24.4669565217, 3957.734
28.5452173913, 4169.734
32.6234782609, 4381.734
36.7017391304, 4593.734
40.78, 4805.734
44.8582608696, 5017.734
48.9365217391, 5229.734
53.0147826087, 5441.734
57.0930434783, 5653.734
61.1713043478, 5865.734
62.6060869565, 6685.734
ENDTABLE
#DiagramOne1
FS_EXT_TABLE
-62.4373913043, -1354.266
-61.0026086957, -534.266
-56.9243478261, -322.266
-52.8460869565, -110.266
-48.767826087, 101.734
-44.6895652174, 313.734
-40.6113043478, 525.734
-36.5330434783, 737.734
-32.4547826087, 949.734
-28.3765217391, 1161.734
-24.2982608696, 1373.734
-20.22, 1585.734
-16.1417391304, 1797.734
-12.0634782609, 2009.734
-7.9852173913, 2221.734
-3.90695652174, 2433.734
0.171304347826, 2645.734
4.24956521739, 2857.734
8.32782608696, 3069.734
12.4060869565, 3281.734
16.4843478261, 3493.734
20.5626086957, 3705.734
24.6408695652, 3917.734
28.7191304348, 4129.734
32.7973913043, 4341.734
36.8756521739, 4553.734
40.9539130435, 4765.734
45.032173913, 4977.734
49.1104347826, 5189.734
53.1886956522, 5401.734
57.2669565217, 5613.734
61.3452173913, 5825.734
62.78, 6645.734
ENDTABLE
#DiagramOne2
RIDE_COMP_TABLE
-66.62, -922
-61.62, -102
-56.62, 110
-51.62, 322
-46.62, 534
-41.62, 746
-36.62, 958
-31.62, 1170
-26.62, 1382
-21.62, 1594
-16.62, 1806
-11.62, 2018
-6.62, 2230
-1.62, 2442
3.38, 2654
8.38, 2866
13.38, 3078
18.38, 3290
23.38, 3502
28.38, 3714
33.38, 3926
38.38, 4138
43.38, 4350
48.38, 4562
53.38, 4774
58.38, 4986
63.38, 5198
68.38, 5410
73.38, 5622
78.38, 5834
83.38, 6046
88.38, 6258
93.38, 7078
ENDTABLE
#DiagramOne3
RIDE_EXT_TABLE
-66.62, -962
-61.62, -142
-56.62, 70
-51.62, 282
-46.62, 494
-41.62, 706
-36.62, 918
-31.62, 1130
-26.62, 1342
-21.62, 1554
-16.62, 1766
-11.62, 1978
-6.62, 2190
-1.62, 2402
3.38, 2614
8.38, 2826
13.38, 3038
18.38, 3250
23.38, 3462
28.38, 3674
33.38, 3886
38.38, 4098
43.38, 4310
48.38, 4522
53.38, 4734
58.38, 4946
63.38, 5158
68.38, 5370
73.38, 5582
78.38, 5794
83.38, 6006
88.38, 6218
93.38, 7038
ENDTABLE
SPRING_COMP_BETA 2
SPRING_EXT_BETA 2
*KT 230
*MUS 80

#RadioCtrl0 0    


LOG_ENTRY Used Dataset: Suspension: Ride Rate (Spring + Tire); 42.4 N/mm, Bmp. 6250 N, Strk. 150 mm
#Library : Suspension: Ride Rate (Spring + Tire)
#DataSet : 42.4 N/mm, Bmp. 6250 N, Strk. 150 mm
#Category: 
#FileID  : SprRide_342199a6-9142-4d88-b28e-28c76e279036
#Product : CarSim 2020.0
#VehCode Ride Measurement

END
