PARSFILE
#FullDataName Suspension: Ride Rate (Spring + Tire)`50.7 N/mm, Bmp. 8200 N, No Friction`
#CheckBox0 0    
#DiagramOne0
FS_COMP_TABLE
-59.9873913043, -572.266
-58.5591304348, 249.234
-54.6613043478, 502.734
-50.7634782609, 756.234
-46.8656521739, 1009.734
-42.967826087, 1263.234
-39.07, 1516.734
-35.172173913, 1770.234
-31.2743478261, 2023.734
-27.3765217391, 2277.234
-23.4786956522, 2530.734
-19.5808695652, 2784.234
-15.6830434783, 3037.734
-11.7852173913, 3291.234
-7.88739130435, 3544.734
-3.98956521739, 3798.234
-0.0917391304348, 4051.734
3.80608695652, 4305.234
7.70391304348, 4558.734
11.6017391304, 4812.234
15.4995652174, 5065.734
19.3973913043, 5319.234
23.2952173913, 5572.734
27.1930434783, 5826.234
31.0908695652, 6079.734
34.9886956522, 6333.234
38.8865217391, 6586.734
42.7843478261, 6840.234
46.682173913, 7093.734
50.58, 7347.234
54.477826087, 7600.734
58.3756521739, 7854.234
60.0126086957, 8627.734
ENDTABLE
#DiagramOne1
FS_EXT_TABLE
-59.9873913043, -572.266
-58.5591304348, 249.234
-54.6613043478, 502.734
-50.7634782609, 756.234
-46.8656521739, 1009.734
-42.967826087, 1263.234
-39.07, 1516.734
-35.172173913, 1770.234
-31.2743478261, 2023.734
-27.3765217391, 2277.234
-23.4786956522, 2530.734
-19.5808695652, 2784.234
-15.6830434783, 3037.734
-11.7852173913, 3291.234
-7.88739130435, 3544.734
-3.98956521739, 3798.234
-0.0917391304348, 4051.734
3.80608695652, 4305.234
7.70391304348, 4558.734
11.6017391304, 4812.234
15.4995652174, 5065.734
19.3973913043, 5319.234
23.2952173913, 5572.734
27.1930434783, 5826.234
31.0908695652, 6079.734
34.9886956522, 6333.234
38.8865217391, 6586.734
42.7843478261, 6840.234
46.682173913, 7093.734
50.58, 7347.234
54.477826087, 7600.734
58.3756521739, 7854.234
60.0126086957, 8627.734
ENDTABLE
#DiagramOne2
RIDE_COMP_TABLE
-60.77, -180
-55.77, 641.5
-50.77, 895
-45.77, 1148.5
-40.77, 1402
-35.77, 1655.5
-30.77, 1909
-25.77, 2162.5
-20.77, 2416
-15.77, 2669.5
-10.77, 2923
-5.77, 3176.5
-0.77, 3430
4.23, 3683.5
9.23, 3937
14.23, 4190.5
19.23, 4444
24.23, 4697.5
29.23, 4951
34.23, 5204.5
39.23, 5458
44.23, 5711.5
49.23, 5965
54.23, 6218.5
59.23, 6472
64.23, 6725.5
69.23, 6979
74.23, 7232.5
79.23, 7486
84.23, 7739.5
89.23, 7993
94.23, 8246.5
99.23, 9020
ENDTABLE
#DiagramOne3
RIDE_EXT_TABLE
-60.77, -180
-55.77, 641.5
-50.77, 895
-45.77, 1148.5
-40.77, 1402
-35.77, 1655.5
-30.77, 1909
-25.77, 2162.5
-20.77, 2416
-15.77, 2669.5
-10.77, 2923
-5.77, 3176.5
-0.77, 3430
4.23, 3683.5
9.23, 3937
14.23, 4190.5
19.23, 4444
24.23, 4697.5
29.23, 4951
34.23, 5204.5
39.23, 5458
44.23, 5711.5
49.23, 5965
54.23, 6218.5
59.23, 6472
64.23, 6725.5
69.23, 6979
74.23, 7232.5
79.23, 7486
84.23, 7739.5
89.23, 7993
94.23, 8246.5
99.23, 9020
ENDTABLE
SPRING_COMP_BETA 0
SPRING_EXT_BETA 0
*KT 230
*MUS 80

#RadioCtrl0 0    


LOG_ENTRY Used Dataset: Suspension: Ride Rate (Spring + Tire); 50.7 N/mm, Bmp. 8200 N, No Friction
#Library : Suspension: Ride Rate (Spring + Tire)
#DataSet : 50.7 N/mm, Bmp. 8200 N, No Friction
#Category: 
#FileID  : SprRide_dede7e9e-5cf0-487b-935b-74ef7c45182c
#Product : CarSim 2020.0
#VehCode Ride Measurement

END
