PARSFILE
#FullDataName Suspension: Ride Rate (Spring + Tire)`42.4 N/mm, Bmp. 6250 N, No Friction`
#CheckBox0 0    
#DiagramOne0
FS_COMP_TABLE
-62.6982608696, -1294.266
-61.2634782609, -474.266
-57.1852173913, -262.266
-53.1069565217, -50.266
-49.0286956522, 161.734
-44.9504347826, 373.734
-40.872173913, 585.734
-36.7939130435, 797.734
-32.7156521739, 1009.734
-28.6373913043, 1221.734
-24.5591304348, 1433.734
-20.4808695652, 1645.734
-16.4026086957, 1857.734
-12.3243478261, 2069.734
-8.24608695652, 2281.734
-4.16782608696, 2493.734
-0.0895652173913, 2705.734
3.98869565217, 2917.734
8.06695652174, 3129.734
12.1452173913, 3341.734
16.2234782609, 3553.734
20.3017391304, 3765.734
24.38, 3977.734
28.4582608696, 4189.734
32.5365217391, 4401.734
36.6147826087, 4613.734
40.6930434783, 4825.734
44.7713043478, 5037.734
48.8495652174, 5249.734
52.927826087, 5461.734
57.0060869565, 5673.734
61.0843478261, 5885.734
62.5191304348, 6705.734
ENDTABLE
#DiagramOne1
FS_EXT_TABLE
-62.6982608696, -1294.266
-61.2634782609, -474.266
-57.1852173913, -262.266
-53.1069565217, -50.266
-49.0286956522, 161.734
-44.9504347826, 373.734
-40.872173913, 585.734
-36.7939130435, 797.734
-32.7156521739, 1009.734
-28.6373913043, 1221.734
-24.5591304348, 1433.734
-20.4808695652, 1645.734
-16.4026086957, 1857.734
-12.3243478261, 2069.734
-8.24608695652, 2281.734
-4.16782608696, 2493.734
-0.0895652173913, 2705.734
3.98869565217, 2917.734
8.06695652174, 3129.734
12.1452173913, 3341.734
16.2234782609, 3553.734
20.3017391304, 3765.734
24.38, 3977.734
28.4582608696, 4189.734
32.5365217391, 4401.734
36.6147826087, 4613.734
40.6930434783, 4825.734
44.7713043478, 5037.734
48.8495652174, 5249.734
52.927826087, 5461.734
57.0060869565, 5673.734
61.0843478261, 5885.734
62.5191304348, 6705.734
ENDTABLE
#DiagramOne2
RIDE_COMP_TABLE
-66.62, -902
-61.62, -82
-56.62, 130
-51.62, 342
-46.62, 554
-41.62, 766
-36.62, 978
-31.62, 1190
-26.62, 1402
-21.62, 1614
-16.62, 1826
-11.62, 2038
-6.62, 2250
-1.62, 2462
3.38, 2674
8.38, 2886
13.38, 3098
18.38, 3310
23.38, 3522
28.38, 3734
33.38, 3946
38.38, 4158
43.38, 4370
48.38, 4582
53.38, 4794
58.38, 5006
63.38, 5218
68.38, 5430
73.38, 5642
78.38, 5854
83.38, 6066
88.38, 6278
93.38, 7098
ENDTABLE
#DiagramOne3
RIDE_EXT_TABLE
-66.62, -902
-61.62, -82
-56.62, 130
-51.62, 342
-46.62, 554
-41.62, 766
-36.62, 978
-31.62, 1190
-26.62, 1402
-21.62, 1614
-16.62, 1826
-11.62, 2038
-6.62, 2250
-1.62, 2462
3.38, 2674
8.38, 2886
13.38, 3098
18.38, 3310
23.38, 3522
28.38, 3734
33.38, 3946
38.38, 4158
43.38, 4370
48.38, 4582
53.38, 4794
58.38, 5006
63.38, 5218
68.38, 5430
73.38, 5642
78.38, 5854
83.38, 6066
88.38, 6278
93.38, 7098
ENDTABLE
SPRING_COMP_BETA 0
SPRING_EXT_BETA 0
*KT 230
*MUS 80

#RadioCtrl0 0    


LOG_ENTRY Used Dataset: Suspension: Ride Rate (Spring + Tire); 42.4 N/mm, Bmp. 6250 N, No Friction
#Library : Suspension: Ride Rate (Spring + Tire)
#DataSet : 42.4 N/mm, Bmp. 6250 N, No Friction
#Category: 
#FileID  : SprRide_96abdd01-c795-486f-ae29-773e56687163
#Product : CarSim 2020.0
#VehCode Ride Measurement

END
