PARSFILE
#FullDataName Steering System: Kinematics for 2 Wheels (Recirc. Ball)`D-Class, SUV`CS Utility Vehicles: SUVs and Vans
#CheckBox0 0    

#RingCtrl0 SPLINE
#RingCtrl1 SPLINE

iside 2
#DiagramOne0
STEER_KIN_TABLE SPLINE
-36, -42.739044
-35.64, -42.2593275
-35.28, -41.78003983
-34.92, -41.30120962
-34.56, -40.82286524
-34.2, -40.34503481
-33.84, -39.86774621
-33.48, -39.39102701
-33.12, -38.91490452
-32.76, -38.43940571
-32.4, -37.96455726
-32.04, -37.49038552
-31.68, -37.01691649
-31.32, -36.54417584
-30.96, -36.07218885
-30.6, -35.60098045
-30.24, -35.13057519
-29.88, -34.66099722
-29.52, -34.19227029
-29.16, -33.72441776
-28.8, -33.25746255
-28.44, -32.79142717
-28.08, -32.32633371
-27.72, -31.8622038
-27.36, -31.39905865
-27, -30.936919
-26.64, -30.47580514
-26.28, -30.0157369
-25.92, -29.55673367
-25.56, -29.09881433
-25.2, -28.64199732
-24.84, -28.18630059
-24.48, -27.73174162
-24.12, -27.27833739
-23.76, -26.82610442
-23.4, -26.37505874
-23.04, -25.92521589
-22.68, -25.47659092
-22.32, -25.0291984
-21.96, -24.58305241
-21.6, -24.13816654
-21.24, -23.69455391
-20.88, -23.25222713
-20.52, -22.81119835
-20.16, -22.37147922
-19.8, -21.93308092
-19.44, -21.49601415
-19.08, -21.06028914
-18.72, -20.62591563
-18.36, -20.19290291
-18, -19.7612598
-17.64, -19.33099466
-17.28, -18.90211537
-16.92, -18.47462939
-16.56, -18.04854372
-16.2, -17.62386489
-15.84, -17.20059902
-15.48, -16.77875179
-15.12, -16.35832843
-14.76, -15.93933377
-14.4, -15.52177222
-14.04, -15.10564775
-13.68, -14.69096395
-13.32, -14.27772399
-12.96, -13.86593067
-12.6, -13.45558636
-12.24, -13.04669309
-11.88, -12.63925247
-11.52, -12.23326579
-11.16, -11.82873392
-10.8, -11.42565742
-10.44, -11.02403647
-10.08, -10.62387092
-9.72, -10.22516027
-9.36, -9.827903696
-9, -9.432100052
-8.64, -9.037747869
-8.28, -8.644845371
-7.92, -8.253390476
-7.56, -7.863380804
-7.2, -7.474813684
-6.84, -7.087686164
-6.48, -6.70199501
-6.12, -6.31773672
-5.76, -5.934907529
-5.4, -5.55350341
-5.04, -5.17352009
-4.68, -4.794953048
-4.32, -4.417797525
-3.96, -4.042048533
-3.6, -3.667700854
-3.24, -3.294749056
-2.88, -2.923187489
-2.52, -2.553010299
-2.16, -2.18421143
-1.8, -1.816784632
-1.44, -1.450723464
-1.08, -1.086021303
-0.72, -0.722671348
-0.36, -0.360666627
-4.14113e-14, 0
0.36, 0.359335833
0.72, 0.717348327
1.08, 1.07404509
1.44, 1.429433872
1.8, 1.783522565
2.16, 2.136319194
2.52, 2.487831918
2.88, 2.838069017
3.24, 3.187038894
3.6, 3.534750067
3.96, 3.881211168
4.32, 4.226430932
4.68, 4.5704182
5.04, 4.913181909
5.4, 5.254731093
5.76, 5.595074873
6.12, 5.93422246
6.48, 6.272183145
6.84, 6.608966297
7.2, 6.944581363
7.56, 7.279037859
7.92, 7.612345369
8.28, 7.944513543
8.64, 8.275552091
9, 8.605470781
9.36, 8.934279437
9.72, 9.261987932
10.08, 9.588606192
10.44, 9.914144185
10.8, 10.23861192
11.16, 10.56201946
11.52, 10.88437689
11.88, 11.20569434
12.24, 11.52598196
12.6, 11.84524994
12.96, 12.16350851
13.32, 12.4807679
13.68, 12.79703838
14.04, 13.11233025
14.4, 13.4266538
14.76, 13.74001936
15.12, 14.05243727
15.48, 14.36391789
15.84, 14.67447159
16.2, 14.98410873
16.56, 15.29283971
16.92, 15.60067492
17.28, 15.90762475
17.64, 16.21369962
18, 16.51890991
18.36, 16.82326605
18.72, 17.12677843
19.08, 17.42945746
19.44, 17.73131355
19.8, 18.0323571
20.16, 18.33259849
20.52, 18.63204813
20.88, 18.93071638
21.24, 19.22861364
21.6, 19.52575027
21.96, 19.82213663
22.32, 20.11778307
22.68, 20.41269992
23.04, 20.70689751
23.4, 21.00038616
23.76, 21.29317618
24.12, 21.58527784
24.48, 21.87670144
24.84, 22.16745723
25.2, 22.45755545
25.56, 22.74700635
25.92, 23.03582013
26.28, 23.324007
26.64, 23.61157715
27, 23.89854074
27.36, 24.18490793
27.72, 24.47068884
28.08, 24.7558936
28.44, 25.04053232
28.8, 25.32461506
29.16, 25.6081519
29.52, 25.89115289
29.88, 26.17362805
30.24, 26.4555874
30.6, 26.73704092
30.96, 27.01799861
31.32, 27.29847041
31.68, 27.57846627
32.04, 27.8579961
32.4, 28.13706982
32.76, 28.41569731
33.12, 28.69388844
33.48, 28.97165306
33.84, 29.24900102
34.2, 29.52594211
34.56, 29.80248616
34.92, 30.07864293
35.28, 30.35442221
35.64, 30.62983373
36, 30.90488724
ENDTABLE

iside 1
#DiagramOne1
STEER_KIN_TABLE SPLINE
-36, -30.90488724
-35.64, -30.62983373
-35.28, -30.35442221
-34.92, -30.07864293
-34.56, -29.80248616
-34.2, -29.52594211
-33.84, -29.24900102
-33.48, -28.97165306
-33.12, -28.69388844
-32.76, -28.41569731
-32.4, -28.13706982
-32.04, -27.8579961
-31.68, -27.57846627
-31.32, -27.29847041
-30.96, -27.01799861
-30.6, -26.73704092
-30.24, -26.4555874
-29.88, -26.17362805
-29.52, -25.89115289
-29.16, -25.6081519
-28.8, -25.32461506
-28.44, -25.04053232
-28.08, -24.7558936
-27.72, -24.47068884
-27.36, -24.18490793
-27, -23.89854074
-26.64, -23.61157715
-26.28, -23.324007
-25.92, -23.03582013
-25.56, -22.74700635
-25.2, -22.45755545
-24.84, -22.16745723
-24.48, -21.87670144
-24.12, -21.58527784
-23.76, -21.29317618
-23.4, -21.00038616
-23.04, -20.70689751
-22.68, -20.41269992
-22.32, -20.11778307
-21.96, -19.82213663
-21.6, -19.52575027
-21.24, -19.22861364
-20.88, -18.93071638
-20.52, -18.63204813
-20.16, -18.33259849
-19.8, -18.0323571
-19.44, -17.73131355
-19.08, -17.42945746
-18.72, -17.12677843
-18.36, -16.82326605
-18, -16.51890991
-17.64, -16.21369962
-17.28, -15.90762475
-16.92, -15.60067492
-16.56, -15.29283971
-16.2, -14.98410873
-15.84, -14.67447159
-15.48, -14.36391789
-15.12, -14.05243727
-14.76, -13.74001936
-14.4, -13.4266538
-14.04, -13.11233025
-13.68, -12.79703838
-13.32, -12.4807679
-12.96, -12.16350851
-12.6, -11.84524994
-12.24, -11.52598196
-11.88, -11.20569434
-11.52, -10.88437689
-11.16, -10.56201946
-10.8, -10.23861192
-10.44, -9.914144185
-10.08, -9.588606192
-9.72, -9.261987932
-9.36, -8.934279437
-9, -8.605470781
-8.64, -8.275552091
-8.28, -7.944513543
-7.92, -7.612345369
-7.56, -7.279037859
-7.2, -6.944581363
-6.84, -6.608966297
-6.48, -6.272183145
-6.12, -5.93422246
-5.76, -5.595074873
-5.4, -5.254731093
-5.04, -4.913181909
-4.68, -4.5704182
-4.32, -4.226430932
-3.96, -3.881211168
-3.6, -3.534750067
-3.24, -3.187038894
-2.88, -2.838069017
-2.52, -2.487831918
-2.16, -2.136319194
-1.8, -1.783522565
-1.44, -1.429433872
-1.08, -1.07404509
-0.72, -0.717348327
-0.36, -0.359335833
-4.14113e-14, 0
0.36, 0.360666627
0.72, 0.722671348
1.08, 1.086021303
1.44, 1.450723464
1.8, 1.816784632
2.16, 2.18421143
2.52, 2.553010299
2.88, 2.923187489
3.24, 3.294749056
3.6, 3.667700854
3.96, 4.042048533
4.32, 4.417797525
4.68, 4.794953048
5.04, 5.17352009
5.4, 5.55350341
5.76, 5.934907529
6.12, 6.31773672
6.48, 6.70199501
6.84, 7.087686164
7.2, 7.474813684
7.56, 7.863380804
7.92, 8.253390476
8.28, 8.644845371
8.64, 9.037747869
9, 9.432100052
9.36, 9.827903696
9.72, 10.22516027
10.08, 10.62387092
10.44, 11.02403647
10.8, 11.42565742
11.16, 11.82873392
11.52, 12.23326579
11.88, 12.63925247
12.24, 13.04669309
12.6, 13.45558636
12.96, 13.86593067
13.32, 14.27772399
13.68, 14.69096395
14.04, 15.10564775
14.4, 15.52177222
14.76, 15.93933377
15.12, 16.35832843
15.48, 16.77875179
15.84, 17.20059902
16.2, 17.62386489
16.56, 18.04854372
16.92, 18.47462939
17.28, 18.90211537
17.64, 19.33099466
18, 19.7612598
18.36, 20.19290291
18.72, 20.62591563
19.08, 21.06028914
19.44, 21.49601415
19.8, 21.93308092
20.16, 22.37147922
20.52, 22.81119835
20.88, 23.25222713
21.24, 23.69455391
21.6, 24.13816654
21.96, 24.58305241
22.32, 25.0291984
22.68, 25.47659092
23.04, 25.92521589
23.4, 26.37505874
23.76, 26.82610442
24.12, 27.27833739
24.48, 27.73174162
24.84, 28.18630059
25.2, 28.64199732
25.56, 29.09881433
25.92, 29.55673367
26.28, 30.0157369
26.64, 30.47580514
27, 30.936919
27.36, 31.39905865
27.72, 31.8622038
28.08, 32.32633371
28.44, 32.79142717
28.8, 33.25746255
29.16, 33.72441776
29.52, 34.19227029
29.88, 34.66099722
30.24, 35.13057519
30.6, 35.60098045
30.96, 36.07218885
31.32, 36.54417584
31.68, 37.01691649
32.04, 37.49038552
32.4, 37.96455726
32.76, 38.43940571
33.12, 38.91490452
33.48, 39.39102701
33.84, 39.86774621
34.2, 40.34503481
34.56, 40.82286524
34.92, 41.30120962
35.28, 41.78003983
35.64, 42.2593275
36, 42.739044
ENDTABLE
#RadioCtrl0 0    
#RadioCtrl1 0    



#EMBEDDED_NOTES
#Recirculating Ball-type Road Wheel Steer Kinematics for D-Class SUV
#
#END_EMBEDDED_NOTES

LOG_ENTRY Used Dataset: Steering System: Kinematics for 2 Wheels (Recirc. Ball); { CS Utility Vehicles: SUVs and Vans } D-Class, SUV
#Library : Steering System: Kinematics for 2 Wheels (Recirc. Ball)
#DataSet : D-Class, SUV
#Category: CS Utility Vehicles: SUVs and Vans
#FileID  : StrKin2_5388dc84-5541-46aa-8dbe-93b419f628cb
#Product : CarSim 2020.0
#VehCode Steer Kinematics

END
