PARSFILE
#FullDataName Powertrain: Fuel Consumption Rate`300 kW Gasoline Engine`
#CheckBox0 0    

#RingCtrl0 CARPET
#RadioCtrl0 0    
#RadioCtrl1 0    

*3D_XLabel Throttle (-)
*3D_YLabel Engine speed (rpm)
*3D_ZLabel Fuel rate (kg/sec)

#DiagramTwo0
*3D_DATA 26, 19 ! columns x rows
FUEL_RATE_CARPET 2D_LINEAR
0, 0, 0.04, 0.08, 0.12, 0.16, 0.2, 0.24, 0.28, 0.32, 0.36, 0.4, 0.44, 0.48, 0.52, 0.56, 0.6, 0.64, 0.68, 0.72, 0.76, 0.8, 0.84, 0.88, 0.92, 0.96, 1
600, 0.00016, 0.0004, 0.0006, 0.00064, 0.00068, 0.00074, 0.00078, 0.00082, 0.00086, 0.00092, 0.00096, 0.001, 0.00104, 0.0011, 0.00114, 0.00118, 0.00122, 0.00128, 0.00132, 0.00136, 0.0014, 0.00146, 0.0015, 0.00154, 0.00158, 0.00164
800, 0.00026, 0.0004, 0.0008, 0.00118, 0.00142, 0.0016, 0.00166, 0.0017, 0.00172, 0.00174, 0.00176, 0.00178, 0.0018, 0.00182, 0.00184, 0.00186, 0.00188, 0.00192, 0.00194, 0.00196, 0.00198, 0.002, 0.00202, 0.00204, 0.00206, 0.00208
1000, 0.00032, 0.0004, 0.00078, 0.00124, 0.00158, 0.00182, 0.00198, 0.00208, 0.00214, 0.00216, 0.00218, 0.00222, 0.00224, 0.00226, 0.00228, 0.0023, 0.00234, 0.00236, 0.00238, 0.0024, 0.00242, 0.00246, 0.00248, 0.0025, 0.00252, 0.00254
1200, 0.00032, 0.00042, 0.00078, 0.00128, 0.00176, 0.00208, 0.00228, 0.00246, 0.00256, 0.00262, 0.00266, 0.00268, 0.0027, 0.00274, 0.00276, 0.0028, 0.00282, 0.00284, 0.00288, 0.0029, 0.00294, 0.00296, 0.00298, 0.00302, 0.00304, 0.00308
1400, 0.00034, 0.00046, 0.00078, 0.00132, 0.00182, 0.00226, 0.0026, 0.0028, 0.00296, 0.00306, 0.00312, 0.00316, 0.0032, 0.00322, 0.00326, 0.0033, 0.00334, 0.00336, 0.0034, 0.00344, 0.00348, 0.0035, 0.00354, 0.00358, 0.00362, 0.00364
1600, 0.0004, 0.00052, 0.0008, 0.00132, 0.0019, 0.00238, 0.00278, 0.00308, 0.00328, 0.00346, 0.00356, 0.00362, 0.00366, 0.00368, 0.00372, 0.00376, 0.0038, 0.00384, 0.00388, 0.0039, 0.00394, 0.00398, 0.00402, 0.00406, 0.0041, 0.00414
1800, 0.00042, 0.00056, 0.00078, 0.00134, 0.0019, 0.00248, 0.00294, 0.00332, 0.00356, 0.00378, 0.0039, 0.004, 0.00406, 0.00412, 0.00418, 0.00424, 0.0043, 0.00436, 0.00444, 0.0045, 0.00456, 0.00462, 0.00468, 0.00474, 0.0048, 0.00486
2000, 0.00046, 0.0006, 0.00076, 0.0013, 0.00192, 0.00258, 0.00312, 0.00356, 0.0039, 0.00414, 0.0043, 0.00442, 0.00454, 0.00462, 0.00468, 0.00476, 0.00482, 0.0049, 0.00498, 0.00504, 0.00512, 0.00518, 0.00526, 0.00534, 0.0054, 0.00548
2200, 0.0005, 0.00066, 0.00082, 0.0013, 0.00196, 0.0026, 0.00324, 0.00378, 0.00424, 0.00452, 0.00478, 0.00492, 0.00504, 0.00514, 0.00522, 0.00528, 0.00536, 0.00544, 0.0055, 0.00558, 0.00564, 0.00572, 0.0058, 0.00586, 0.00594, 0.006
2400, 0.00054, 0.00072, 0.00088, 0.0013, 0.0019, 0.00266, 0.00336, 0.00398, 0.00446, 0.0048, 0.0051, 0.0053, 0.00544, 0.00556, 0.00568, 0.0058, 0.00592, 0.00604, 0.00616, 0.00628, 0.00638, 0.0065, 0.00662, 0.00674, 0.00686, 0.00698
2800, 0.00066, 0.00078, 0.00092, 0.0013, 0.00194, 0.00268, 0.00348, 0.00414, 0.00478, 0.0053, 0.0056, 0.00592, 0.00614, 0.00626, 0.0064, 0.00652, 0.00662, 0.00672, 0.00684, 0.00694, 0.00704, 0.00714, 0.00726, 0.00736, 0.00746, 0.00758
3200, 0.00076, 0.0009, 0.00106, 0.00128, 0.00194, 0.00272, 0.0035, 0.00432, 0.00512, 0.00574, 0.0062, 0.00652, 0.00686, 0.0073, 0.00776, 0.0082, 0.00848, 0.0085, 0.00854, 0.00858, 0.0086, 0.00864, 0.00868, 0.0087, 0.00874, 0.00878
3600, 0.00086, 0.00104, 0.00122, 0.0014, 0.0019, 0.00274, 0.00358, 0.00442, 0.00544, 0.0063, 0.00694, 0.00768, 0.00846, 0.00926, 0.00974, 0.0099, 0.01004, 0.01018, 0.01026, 0.01028, 0.01032, 0.01034, 0.01038, 0.0104, 0.01042, 0.01046
4000, 0.00094, 0.00118, 0.00166, 0.00236, 0.00324, 0.0042, 0.00518, 0.00634, 0.00734, 0.00806, 0.00872, 0.00974, 0.01074, 0.01174, 0.01206, 0.01216, 0.01228, 0.0124, 0.01248, 0.0125, 0.01252, 0.01254, 0.01258, 0.0126, 0.01262, 0.01266
4400, 0.00102, 0.00128, 0.0017, 0.00244, 0.0033, 0.00436, 0.0054, 0.00666, 0.00784, 0.00886, 0.00954, 0.01028, 0.01136, 0.01242, 0.0135, 0.01406, 0.01418, 0.0143, 0.01442, 0.01452, 0.01462, 0.01464, 0.01466, 0.0147, 0.01472, 0.01476
4800, 0.00104, 0.00148, 0.0019, 0.00242, 0.00334, 0.00436, 0.00544, 0.00672, 0.00808, 0.00918, 0.01076, 0.0128, 0.01402, 0.0145, 0.015, 0.01548, 0.01586, 0.01598, 0.0161, 0.01622, 0.01634, 0.01644, 0.01656, 0.01658, 0.0166, 0.01662
5200, 0.00118, 0.00156, 0.00196, 0.00234, 0.00328, 0.00432, 0.00544, 0.0068, 0.0082, 0.0101, 0.01266, 0.0138, 0.01494, 0.01558, 0.01614, 0.0167, 0.01726, 0.0176, 0.01772, 0.01782, 0.01794, 0.01806, 0.01818, 0.01828, 0.0184, 0.01852
5600, 0.0013, 0.00166, 0.002, 0.00238, 0.0032, 0.00424, 0.00546, 0.00712, 0.00924, 0.01102, 0.01276, 0.01408, 0.01524, 0.01606, 0.0166, 0.01714, 0.0177, 0.01824, 0.0185, 0.01862, 0.01874, 0.01886, 0.01898, 0.0191, 0.01922, 0.01934
5800, 0.00152, 0.0018, 0.00206, 0.00238, 0.00324, 0.00422, 0.00542, 0.00714, 0.0092, 0.01096, 0.01284, 0.01424, 0.01544, 0.01632, 0.01682, 0.01734, 0.01784, 0.01836, 0.0186, 0.0187, 0.0188, 0.0189, 0.01902, 0.01912, 0.01922, 0.01932
ENDTABLE



LOG_ENTRY Used Dataset: Powertrain: Fuel Consumption Rate; 300 kW Gasoline Engine
#Library : Powertrain: Fuel Consumption Rate
#DataSet : 300 kW Gasoline Engine
#Category: 
#FileID  : FuelRate_20461ebb-3de6-406e-893b-091fe1c4dfad
#Product : CarSim 2020.0
#VehCode Fuel Rate

END
