PARSFILE
#FullDataName Suspension: Camber Angle`Camber: Twist-Beam - Rear (2D)`Twist-Beam (2D): Generic Suspension
#CheckBox0 0    

#RingCtrl0 2D_SPLINE
*3D_XLabel jounce other side (mm)
*3D_YLabel Suspension cmp. (jounce) (mm)
*3D_ZLabel Camber angle (deg)

#DiagramTwo0
*3D_DATA 6, 44 ! columns x rows
CAMBER_CARPET 2D_SPLINE
0, -90, -60, -30, 0, 30, 60
-88.86, -2.387, -1.9005, -1.4221, -0.95187, -0.4898, -0.035747
-84.86, -2.477, -1.9893, -1.5098, -1.0385, -0.5754, -0.12028
-80.86, -2.5666, -2.0778, -1.5972, -1.1248, -0.66064, -0.20446
-76.86, -2.6559, -2.166, -1.6843, -1.2108, -0.74548, -0.28822
-72.86, -2.7448, -2.2537, -1.7709, -1.2963, -0.82992, -0.37159
-68.86, -2.8333, -2.3411, -1.8571, -1.3814, -0.91397, -0.45456
-64.86, -2.9215, -2.4281, -1.943, -1.4662, -0.99765, -0.53715
-60.86, -3.0093, -2.5148, -2.0285, -1.5506, -1.081, -0.61936
-56.86, -3.0968, -2.6011, -2.1137, -1.6347, -1.1639, -0.70119
-52.86, -3.1839, -2.6871, -2.1986, -1.7184, -1.2465, -0.78266
-48.86, -3.2708, -2.7727, -2.283, -1.8017, -1.3287, -0.86376
-44.86, -3.3573, -2.8581, -2.3672, -1.8847, -1.4105, -0.94451
-40.86, -3.4435, -2.9431, -2.451, -1.9674, -1.4921, -1.0249
-36.86, -3.5295, -3.0278, -2.5345, -2.0497, -1.5733, -1.105
-32.86, -3.6151, -3.1122, -2.6178, -2.1318, -1.6541, -1.1847
-28.86, -3.7004, -3.1963, -2.7007, -2.2135, -1.7347, -1.2641
-24.86, -3.7855, -3.2801, -2.7833, -2.2949, -1.8149, -1.3432
-20.86, -3.8703, -3.3637, -2.8656, -2.376, -1.8948, -1.4219
-16.86, -3.9549, -3.447, -2.9476, -2.4568, -1.9744, -1.5003
-12.86, -4.0392, -3.53, -3.0294, -2.5373, -2.0538, -1.5785
-8.86, -4.1232, -3.6128, -3.1109, -2.6176, -2.1328, -1.6563
-4.86, -4.207, -3.6953, -3.1921, -2.6976, -2.2115, -1.7338
-0.86, -4.2906, -3.7775, -3.2731, -2.7773, -2.29, -1.8111
3.14, -4.374, -3.8596, -3.3538, -2.8567, -2.3682, -1.888
7.14, -4.4571, -3.9414, -3.4343, -2.9359, -2.4461, -1.9647
11.14, -4.5401, -4.0229, -3.5145, -3.0148, -2.5238, -2.0411
15.14, -4.6228, -4.1043, -3.5945, -3.0935, -2.6011, -2.1172
19.14, -4.7053, -4.1854, -3.6743, -3.172, -2.6783, -2.193
23.14, -4.7877, -4.2664, -3.7539, -3.2502, -2.7552, -2.2687
27.14, -4.8698, -4.3471, -3.8332, -3.3282, -2.8318, -2.344
31.14, -4.9518, -4.4277, -3.9124, -3.4059, -2.9082, -2.4191
35.14, -5.0336, -4.508, -3.9913, -3.4835, -2.9844, -2.4939
39.14, -5.1152, -4.5882, -4.07, -3.5608, -3.0604, -2.5685
43.14, -5.1967, -4.6682, -4.1486, -3.6379, -3.1361, -2.6428
47.14, -5.2781, -4.748, -4.2269, -3.7148, -3.2116, -2.717
51.14, -5.3592, -4.8277, -4.3051, -3.7915, -3.2868, -2.7908
55.14, -5.4403, -4.9071, -4.3831, -3.868, -3.3619, -2.8645
59.14, -5.5211, -4.9865, -4.4609, -3.9444, -3.4367, -2.9379
63.14, -5.6019, -5.0657, -4.5385, -4.0205, -3.5114, -3.011
67.14, -5.6825, -5.1447, -4.616, -4.0964, -3.5858, -3.084
71.14, -5.763, -5.2236, -4.6933, -4.1721, -3.66, -3.1567
75.14, -5.8434, -5.3023, -4.7704, -4.2477, -3.734, -3.2292
79.14, -5.9237, -5.3809, -4.8474, -4.3231, -3.8079, -3.3015
83.14, -6.0038, -5.4594, -4.9242, -4.3983, -3.8815, -3.3736
ENDTABLE

#RadioCtrl0 0    
#RadioCtrl1 0    



#EMBEDDED_NOTES
#Twist-beam suspension geometry from reference
#SuspensionSim model.
#END_EMBEDDED_NOTES

LOG_ENTRY Used Dataset: Suspension: Camber Angle; { Twist-Beam (2D): Generic Suspension } Camber: Twist-Beam - Rear (2D)
#Library : Suspension: Camber Angle
#DataSet : Camber: Twist-Beam - Rear (2D)
#Category: Twist-Beam (2D): Generic Suspension
#FileID  : Camber_f92bdaa9-2c5a-4e85-85f1-878d3f3309df
#Product : CarSim 2020.0
#VehCode Camber

END
