PARSFILE
#FullDataName Steering System: Kinematics for 2 Wheels (Rack & Pinion)`F-Class, Sedan`CS F-Class
#CheckBox0 0    

#RingCtrl0 SPLINE
#RingCtrl1 SPLINE

iside 2
#DiagramOne0
RACK_KIN_TABLE SPLINE
-70, -39.14
-67.2, -37.2
-64.4, -35.29
-61.6, -33.43
-58.8, -31.6
-56, -29.81
-53.2, -28.06
-50.4, -26.34
-47.6, -24.66
-44.8, -23.01
-42, -21.38
-39.2, -19.79
-36.4, -18.23
-33.6, -16.69
-30.8, -15.18
-28, -13.7
-25.2, -12.23
-22.4, -10.8
-19.6, -9.38
-16.8, -7.98
-14, -6.61
-11.2, -5.25
-8.4, -3.91
-5.6, -2.59
-2.8, -1.29
0, 0
2.8, 1.27
5.6, 2.54
8.4, 3.78
11.2, 5.02
14, 6.24
16.8, 7.46
19.6, 8.66
22.4, 9.86
25.2, 11.05
28, 12.24
30.8, 13.41
33.6, 14.59
36.4, 15.76
39.2, 16.92
42, 18.09
44.8, 19.25
47.6, 20.42
50.4, 21.59
53.2, 22.76
56, 23.93
58.8, 25.11
61.6, 26.3
64.4, 27.5
67.2, 28.71
70, 29.94
ENDTABLE

iside 1
#DiagramOne1
RACK_KIN_TABLE SPLINE
-70, -29.94
-67.2, -28.71
-64.4, -27.5
-61.6, -26.3
-58.8, -25.11
-56, -23.93
-53.2, -22.76
-50.4, -21.59
-47.6, -20.42
-44.8, -19.25
-42, -18.09
-39.2, -16.92
-36.4, -15.76
-33.6, -14.59
-30.8, -13.41
-28, -12.24
-25.2, -11.05
-22.4, -9.86
-19.6, -8.66
-16.8, -7.46
-14, -6.24
-11.2, -5.02
-8.4, -3.78
-5.6, -2.54
-2.8, -1.27
0, 0
2.8, 1.29
5.6, 2.59
8.4, 3.91
11.2, 5.25
14, 6.61
16.8, 7.98
19.6, 9.38
22.4, 10.8
25.2, 12.23
28, 13.7
30.8, 15.18
33.6, 16.69
36.4, 18.23
39.2, 19.79
42, 21.38
44.8, 23.01
47.6, 24.66
50.4, 26.34
53.2, 28.06
56, 29.81
58.8, 31.6
61.6, 33.43
64.4, 35.29
67.2, 37.2
70, 39.14
ENDTABLE
#RadioCtrl0 0    
#RadioCtrl1 0    

*SCALAR 0.45
*SCALAR2 0.45


LOG_ENTRY Used Dataset: Steering System: Kinematics for 2 Wheels (Rack & Pinion); { CS F-Class } F-Class, Sedan
#Library : Steering System: Kinematics for 2 Wheels (Rack & Pinion)
#DataSet : F-Class, Sedan
#Category: CS F-Class
#FileID  : RkKin2_0a8abb9c-e871-4333-bf83-d3e9f9af3c7a
#Product : CarSim 2020.0
#VehCode Steer Kinematics

END
