PARSFILE
#FullDataName Steering System: Kinematics for 2 Wheels (Rack & Pinion)`B-Class, Hatchback`CS B-Class
#CheckBox0 0    

#RingCtrl0 SPLINE
#RingCtrl1 SPLINE

iside 2
#DiagramOne0
RACK_KIN_TABLE SPLINE
-57, -40.91
-54.72, -38.83
-52.44, -36.81
-50.16, -34.83
-47.88, -32.9
-45.6, -31
-43.32, -29.15
-41.04, -27.34
-38.76, -25.57
-36.48, -23.83
-34.2, -22.13
-31.92, -20.46
-29.64, -18.83
-27.36, -17.22
-25.08, -15.65
-22.8, -14.1
-20.52, -12.59
-18.24, -11.1
-15.96, -9.63
-13.68, -8.19
-11.4, -6.77
-9.12, -5.38
-6.84, -4.01
-4.56, -2.65
-2.28, -1.32
0, 0
2.28, 1.3
4.56, 2.58
6.84, 3.85
9.12, 5.11
11.4, 6.35
13.68, 7.58
15.96, 8.8
18.24, 10.01
20.52, 11.21
22.8, 12.4
25.08, 13.58
27.36, 14.76
29.64, 15.93
31.92, 17.11
34.2, 18.27
36.48, 19.44
38.76, 20.61
41.04, 21.78
43.32, 22.95
45.6, 24.12
47.88, 25.3
50.16, 26.49
52.44, 27.69
54.72, 28.9
57, 30.12
ENDTABLE

iside 1
#DiagramOne1
RACK_KIN_TABLE SPLINE
-57, -30.12
-54.72, -28.9
-52.44, -27.69
-50.16, -26.49
-47.88, -25.3
-45.6, -24.12
-43.32, -22.95
-41.04, -21.78
-38.76, -20.61
-36.48, -19.44
-34.2, -18.27
-31.92, -17.11
-29.64, -15.93
-27.36, -14.76
-25.08, -13.58
-22.8, -12.4
-20.52, -11.21
-18.24, -10.01
-15.96, -8.8
-13.68, -7.58
-11.4, -6.35
-9.12, -5.11
-6.84, -3.85
-4.56, -2.58
-2.28, -1.3
0, 0
2.28, 1.32
4.56, 2.65
6.84, 4.01
9.12, 5.38
11.4, 6.77
13.68, 8.19
15.96, 9.63
18.24, 11.1
20.52, 12.59
22.8, 14.1
25.08, 15.65
27.36, 17.22
29.64, 18.83
31.92, 20.46
34.2, 22.13
36.48, 23.83
38.76, 25.57
41.04, 27.34
43.32, 29.15
45.6, 31
47.88, 32.9
50.16, 34.83
52.44, 36.81
54.72, 38.83
57, 40.91
ENDTABLE
#RadioCtrl0 0    
#RadioCtrl1 0    

*SCALAR 0.45
*SCALAR2 0.45


LOG_ENTRY Used Dataset: Steering System: Kinematics for 2 Wheels (Rack & Pinion); { CS B-Class } B-Class, Hatchback
#Library : Steering System: Kinematics for 2 Wheels (Rack & Pinion)
#DataSet : B-Class, Hatchback
#Category: CS B-Class
#FileID  : RkKin2_d6a5ef30-63cb-4ac2-a596-a7b9a02a1791
#Product : CarSim 2020.0
#VehCode Steer Kinematics

END
