PARSFILE
#FullDataName Steering System: Kinematics for 2 Wheels (Rack & Pinion)`Exotic`CS Exotic Sports Car
#CheckBox0 0    

#RingCtrl0 SPLINE
#RingCtrl1 SPLINE

iside 2
#DiagramOne0
RACK_KIN_TABLE SPLINE
-57.4, -49.01
-55.1, -46.38
-52.81, -43.81
-50.51, -41.32
-48.22, -38.89
-45.92, -36.52
-43.62, -34.22
-41.33, -31.98
-39.03, -29.8
-36.74, -27.68
-34.44, -25.61
-32.14, -23.59
-29.85, -21.63
-27.55, -19.72
-25.26, -17.86
-22.96, -16.04
-20.66, -14.26
-18.37, -12.53
-16.07, -10.84
-13.78, -9.19
-11.48, -7.58
-9.18, -6
-6.89, -4.45
-4.59, -2.94
-2.3, -1.46
0, 0
2.3, 1.43
4.59, 2.83
6.89, 4.21
9.18, 5.57
11.48, 6.91
13.78, 8.23
16.07, 9.54
18.37, 10.82
20.66, 12.1
22.96, 13.36
25.26, 14.61
27.55, 15.85
29.85, 17.09
32.14, 18.31
34.44, 19.54
36.74, 20.76
39.03, 21.98
41.33, 23.2
43.62, 24.42
45.92, 25.65
48.22, 26.89
50.51, 28.14
52.81, 29.41
55.1, 30.69
57.4, 31.99
ENDTABLE

iside 1
#DiagramOne1
RACK_KIN_TABLE SPLINE
-57.4, -31.99
-55.1, -30.69
-52.81, -29.41
-50.51, -28.14
-48.22, -26.89
-45.92, -25.65
-43.62, -24.42
-41.33, -23.2
-39.03, -21.98
-36.74, -20.76
-34.44, -19.54
-32.14, -18.31
-29.85, -17.09
-27.55, -15.85
-25.26, -14.61
-22.96, -13.36
-20.66, -12.1
-18.37, -10.82
-16.07, -9.54
-13.78, -8.23
-11.48, -6.91
-9.18, -5.57
-6.89, -4.21
-4.59, -2.83
-2.3, -1.43
0, 0
2.3, 1.46
4.59, 2.94
6.89, 4.45
9.18, 6
11.48, 7.58
13.78, 9.19
16.07, 10.84
18.37, 12.53
20.66, 14.26
22.96, 16.04
25.26, 17.86
27.55, 19.72
29.85, 21.63
32.14, 23.59
34.44, 25.61
36.74, 27.68
39.03, 29.8
41.33, 31.98
43.62, 34.22
45.92, 36.52
48.22, 38.89
50.51, 41.32
52.81, 43.81
55.1, 46.38
57.4, 49.01
ENDTABLE
#RadioCtrl0 0    
#RadioCtrl1 0    

*SCALAR 0.45
*SCALAR2 0.45


LOG_ENTRY Used Dataset: Steering System: Kinematics for 2 Wheels (Rack & Pinion); { CS Exotic Sports Car } Exotic
#Library : Steering System: Kinematics for 2 Wheels (Rack & Pinion)
#DataSet : Exotic
#Category: CS Exotic Sports Car
#FileID  : RkKin2_e3ce1a7d-d79d-43d5-a10e-6dea5923cdd0
#Product : CarSim 2020.0
#VehCode Steer Kinematics

END
