PARSFILE
#FullDataName Steering System: Kinematics for 2 Wheels (Rack & Pinion)`B-Class, Sports Car`CS B-Class
#CheckBox0 0    

#RingCtrl0 SPLINE
#RingCtrl1 SPLINE

iside 2
#DiagramOne0
RACK_KIN_TABLE SPLINE
-60, -42.00156682
-59.4, -41.45719079
-58.8, -40.91609857
-58.2, -40.37826022
-57.6, -39.84364644
-57, -39.31222854
-56.4, -38.78397838
-55.8, -38.25886831
-55.2, -37.73687121
-54.6, -37.21796036
-54, -36.70210947
-53.4, -36.18929261
-52.8, -35.67948424
-52.2, -35.17265913
-51.6, -34.66879233
-51, -34.16785922
-50.4, -33.66983541
-49.8, -33.17469676
-49.2, -32.68241937
-48.6, -32.19297954
-48, -31.70635376
-47.4, -31.22251873
-46.8, -30.7414513
-46.2, -30.26312847
-45.6, -29.78752743
-45, -29.31462548
-44.4, -28.84440004
-43.8, -28.3768287
-43.2, -27.91188913
-42.6, -27.44955911
-42, -26.98981655
-41.4, -26.53263943
-40.8, -26.07800586
-40.2, -25.62589401
-39.6, -25.17628214
-39, -24.72914861
-38.4, -24.28447185
-37.8, -23.84223037
-37.2, -23.40240274
-36.6, -22.96496764
-36, -22.52990377
-35.4, -22.09718994
-34.8, -21.66680501
-34.2, -21.23872793
-33.6, -20.81293768
-33, -20.38941332
-32.4, -19.968134
-31.8, -19.5490789
-31.2, -19.13222727
-30.6, -18.71755845
-30, -18.30505181
-29.4, -17.8946868
-28.8, -17.48644294
-28.2, -17.0802998
-27.6, -16.67623702
-27, -16.2742343
-26.4, -15.87427141
-25.8, -15.47632818
-25.2, -15.08038452
-24.6, -14.68642037
-24, -14.29441577
-23.4, -13.90435081
-22.8, -13.51620565
-22.2, -13.12996051
-21.6, -12.74559568
-21, -12.36309152
-20.4, -11.98242846
-19.8, -11.60358698
-19.2, -11.22654765
-18.6, -10.85129109
-18, -10.47779799
-17.4, -10.10604912
-16.8, -9.736025303
-16.2, -9.367707442
-15.6, -9.001076499
-15, -8.636113509
-14.4, -8.272799571
-13.8, -7.911115855
-13.2, -7.551043595
-12.6, -7.192564095
-12, -6.835658724
-11.4, -6.480308919
-10.8, -6.126496183
-10.2, -5.774202085
-9.6, -5.423408256
-9, -5.074096398
-8.4, -4.726248271
-7.8, -4.379845703
-7.2, -4.034870582
-6.6, -3.691304861
-6, -3.349130552
-5.4, -3.008329728
-4.8, -2.668884522
-4.2, -2.330777127
-3.6, -1.993989792
-3, -1.658504822
-2.4, -1.324304581
-1.8, -0.991371483
-1.2, -0.659687997
-0.6, -0.329236646
0, 0
0.6, 0.32803932
1.2, 0.654898645
1.8, 0.980595261
2.4, 1.305146409
3, 1.628569287
3.6, 1.950881051
4.2, 2.272098819
4.8, 2.59223967
5.4, 2.911320648
6, 3.229358762
6.6, 3.54637099
7.2, 3.86237428
7.8, 4.177385553
8.4, 4.491421702
9, 4.8044996
9.6, 5.116636097
10.2, 5.427848024
10.8, 5.738152198
11.4, 6.047565421
12, 6.356104485
12.6, 6.663786171
13.2, 6.970627259
13.8, 7.276644522
14.4, 7.581854737
15, 7.886274682
15.6, 8.189921141
16.2, 8.492810909
16.8, 8.794960794
17.4, 9.096387619
18, 9.397108227
18.6, 9.697139484
19.2, 9.996498285
19.8, 10.29520155
20.4, 10.59326624
21, 10.89070936
21.6, 11.18754793
22.2, 11.48379905
22.8, 11.77947986
23.4, 12.07460755
24, 12.36919936
24.6, 12.66327262
25.2, 12.95684472
25.8, 13.24993312
26.4, 13.54255536
27, 13.83472907
27.6, 14.12647197
28.2, 14.41780188
28.8, 14.70873671
29.4, 14.99929448
30, 15.28949335
30.6, 15.57935158
31.2, 15.86888754
31.8, 16.15811978
32.4, 16.44706696
33, 16.73574789
33.6, 17.02418156
34.2, 17.31238709
34.8, 17.60038381
35.4, 17.8881912
36, 18.17582896
36.6, 18.46331696
37.2, 18.75067531
37.8, 19.03792431
38.4, 19.32508451
39, 19.61217669
39.6, 19.89922188
40.2, 20.18624139
40.8, 20.47325677
41.4, 20.7602899
42, 21.04736292
42.6, 21.3344983
43.2, 21.62171886
43.8, 21.90904771
44.4, 22.19650837
45, 22.48412471
45.6, 22.77192098
46.2, 23.05992185
46.8, 23.34815241
47.4, 23.63663821
48, 23.92540525
48.6, 24.21448001
49.2, 24.5038895
49.8, 24.79366123
50.4, 25.08382328
51, 25.37440432
51.6, 25.66543361
52.2, 25.95694104
52.8, 26.24895719
53.4, 26.5415133
54, 26.83464135
54.6, 27.12837409
55.2, 27.42274506
55.8, 27.71778862
56.4, 28.01354003
57, 28.31003543
57.6, 28.60731197
58.2, 28.90540777
58.8, 29.20436201
59.4, 29.50421501
60, 29.80500823
ENDTABLE

iside 1
#DiagramOne1
RACK_KIN_TABLE SPLINE
-60, -29.80500823
-59.4, -29.50421501
-58.8, -29.20436201
-58.2, -28.90540777
-57.6, -28.60731197
-57, -28.31003543
-56.4, -28.01354003
-55.8, -27.71778862
-55.2, -27.42274506
-54.6, -27.12837409
-54, -26.83464135
-53.4, -26.5415133
-52.8, -26.24895719
-52.2, -25.95694104
-51.6, -25.66543361
-51, -25.37440432
-50.4, -25.08382328
-49.8, -24.79366123
-49.2, -24.5038895
-48.6, -24.21448001
-48, -23.92540525
-47.4, -23.63663821
-46.8, -23.34815241
-46.2, -23.05992185
-45.6, -22.77192098
-45, -22.48412471
-44.4, -22.19650837
-43.8, -21.90904771
-43.2, -21.62171886
-42.6, -21.3344983
-42, -21.04736292
-41.4, -20.7602899
-40.8, -20.47325677
-40.2, -20.18624139
-39.6, -19.89922188
-39, -19.61217669
-38.4, -19.32508451
-37.8, -19.03792431
-37.2, -18.75067531
-36.6, -18.46331696
-36, -18.17582896
-35.4, -17.8881912
-34.8, -17.60038381
-34.2, -17.31238709
-33.6, -17.02418156
-33, -16.73574789
-32.4, -16.44706696
-31.8, -16.15811978
-31.2, -15.86888754
-30.6, -15.57935158
-30, -15.28949335
-29.4, -14.99929448
-28.8, -14.70873671
-28.2, -14.41780188
-27.6, -14.12647197
-27, -13.83472907
-26.4, -13.54255536
-25.8, -13.24993312
-25.2, -12.95684472
-24.6, -12.66327262
-24, -12.36919936
-23.4, -12.07460755
-22.8, -11.77947986
-22.2, -11.48379905
-21.6, -11.18754793
-21, -10.89070936
-20.4, -10.59326624
-19.8, -10.29520155
-19.2, -9.996498285
-18.6, -9.697139484
-18, -9.397108227
-17.4, -9.096387619
-16.8, -8.794960794
-16.2, -8.492810909
-15.6, -8.189921141
-15, -7.886274682
-14.4, -7.581854737
-13.8, -7.276644522
-13.2, -6.970627259
-12.6, -6.663786171
-12, -6.356104485
-11.4, -6.047565421
-10.8, -5.738152198
-10.2, -5.427848024
-9.6, -5.116636097
-9, -4.8044996
-8.4, -4.491421702
-7.8, -4.177385553
-7.2, -3.86237428
-6.6, -3.54637099
-6, -3.229358762
-5.4, -2.911320648
-4.8, -2.59223967
-4.2, -2.272098819
-3.6, -1.950881051
-3, -1.628569287
-2.4, -1.305146409
-1.8, -0.980595261
-1.2, -0.654898645
-0.6, -0.32803932
0, 0
0.6, 0.329236646
1.2, 0.659687997
1.8, 0.991371483
2.4, 1.324304581
3, 1.658504822
3.6, 1.993989792
4.2, 2.330777127
4.8, 2.668884522
5.4, 3.008329728
6, 3.349130552
6.6, 3.691304861
7.2, 4.034870582
7.8, 4.379845703
8.4, 4.726248271
9, 5.074096398
9.6, 5.423408256
10.2, 5.774202085
10.8, 6.126496183
11.4, 6.480308919
12, 6.835658724
12.6, 7.192564095
13.2, 7.551043595
13.8, 7.911115855
14.4, 8.272799571
15, 8.636113509
15.6, 9.001076499
16.2, 9.367707442
16.8, 9.736025303
17.4, 10.10604912
18, 10.47779799
18.6, 10.85129109
19.2, 11.22654765
19.8, 11.60358698
20.4, 11.98242846
21, 12.36309152
21.6, 12.74559568
22.2, 13.12996051
22.8, 13.51620565
23.4, 13.90435081
24, 14.29441577
24.6, 14.68642037
25.2, 15.08038452
25.8, 15.47632818
26.4, 15.87427141
27, 16.2742343
27.6, 16.67623702
28.2, 17.0802998
28.8, 17.48644294
29.4, 17.8946868
30, 18.30505181
30.6, 18.71755845
31.2, 19.13222727
31.8, 19.5490789
32.4, 19.968134
33, 20.38941332
33.6, 20.81293768
34.2, 21.23872793
34.8, 21.66680501
35.4, 22.09718994
36, 22.52990377
36.6, 22.96496764
37.2, 23.40240274
37.8, 23.84223037
38.4, 24.28447185
39, 24.72914861
39.6, 25.17628214
40.2, 25.62589401
40.8, 26.07800586
41.4, 26.53263943
42, 26.98981655
42.6, 27.44955911
43.2, 27.91188913
43.8, 28.3768287
44.4, 28.84440004
45, 29.31462548
45.6, 29.78752743
46.2, 30.26312847
46.8, 30.7414513
47.4, 31.22251873
48, 31.70635376
48.6, 32.19297954
49.2, 32.68241937
49.8, 33.17469676
50.4, 33.66983541
51, 34.16785922
51.6, 34.66879233
52.2, 35.17265913
52.8, 35.67948424
53.4, 36.18929261
54, 36.70210947
54.6, 37.21796036
55.2, 37.73687121
55.8, 38.25886831
56.4, 38.78397838
57, 39.31222854
57.6, 39.84364644
58.2, 40.37826022
58.8, 40.91609857
59.4, 41.45719079
60, 42.00156682
ENDTABLE
#RadioCtrl0 0    
#RadioCtrl1 0    

*SCALAR 0.45
*SCALAR2 0.45


LOG_ENTRY Used Dataset: Steering System: Kinematics for 2 Wheels (Rack & Pinion); { CS B-Class } B-Class, Sports Car
#Library : Steering System: Kinematics for 2 Wheels (Rack & Pinion)
#DataSet : B-Class, Sports Car
#Category: CS B-Class
#FileID  : RkKin2_624bff78-c420-468d-a519-60a78afdf7ca
#Product : CarSim 2020.0
#VehCode Steer Kinematics

END
