PARSFILE
#FullDataName Steering System: Kinematics for 2 Wheels (Rack & Pinion)`C-Class, Hatchback`CS C-Class
#CheckBox0 0    

#RingCtrl0 SPLINE
#RingCtrl1 SPLINE

iside 2
#DiagramOne0
RACK_KIN_TABLE SPLINE
-75, -41.64492301
-74.25, -41.11007683
-73.5, -40.57845207
-72.75, -40.05001364
-72, -39.52472734
-71.25, -39.0025598
-70.5, -38.48347842
-69.75, -37.96745133
-69, -37.45444735
-68.25, -36.94443593
-67.5, -36.43738715
-66.75, -35.93327164
-66, -35.43206057
-65.25, -34.93372561
-64.5, -34.43823892
-63.75, -33.94557309
-63, -33.45570115
-62.25, -32.96859651
-61.5, -32.48423297
-60.75, -32.00258468
-60, -31.52362614
-59.25, -31.04733214
-58.5, -30.57367781
-57.75, -30.10263854
-57, -29.63418999
-56.25, -29.16830809
-55.5, -28.70496902
-54.75, -28.24414918
-54, -27.7858252
-53.25, -27.32997393
-52.5, -26.87657239
-51.75, -26.42559784
-51, -25.9770277
-50.25, -25.53083956
-49.5, -25.0870112
-48.75, -24.64552056
-48, -24.20634573
-47.25, -23.76946495
-46.5, -23.33485663
-45.75, -22.90249928
-45, -22.47237158
-44.25, -22.04445235
-43.5, -21.6187205
-42.75, -21.19515509
-42, -20.77373531
-41.25, -20.35444044
-40.5, -19.9372499
-39.75, -19.52214321
-39, -19.1091
-38.25, -18.69810001
-37.5, -18.28912308
-36.75, -17.88214916
-36, -17.47715829
-35.25, -17.07413062
-34.5, -16.67304639
-33.75, -16.27388593
-33, -15.87662968
-32.25, -15.48125814
-31.5, -15.08775194
-30.75, -14.69609177
-30, -14.30625842
-29.25, -13.91823277
-28.5, -13.53199577
-27.75, -13.14752847
-27, -12.76481199
-26.25, -12.38382755
-25.5, -12.00455642
-24.75, -11.62697999
-24, -11.25107969
-23.25, -10.87683706
-22.5, -10.50423369
-21.75, -10.13325127
-21, -9.763871547
-20.25, -9.396076346
-19.5, -9.029847569
-18.75, -8.665167187
-18, -8.302017245
-17.25, -7.940379853
-16.5, -7.580237193
-15.75, -7.221571516
-15, -6.864365136
-14.25, -6.508600436
-13.5, -6.154259862
-12.75, -5.801325924
-12, -5.449781196
-11.25, -5.09960831
-10.5, -4.75078996
-9.75, -4.4033089
-9, -4.057147939
-8.25, -3.712289945
-7.5, -3.368717839
-6.75, -3.026414596
-6, -2.685363245
-5.25, -2.345546864
-4.5, -2.006948582
-3.75, -1.669551575
-3, -1.333339065
-2.25, -0.998294321
-1.5, -0.664400653
-0.75, -0.331641416
0, 0
0.75, 0.330540162
1.5, 0.659995602
2.25, 0.988382819
3, 1.315718277
3.75, 1.642018409
4.5, 1.96729962
5.25, 2.291578288
6, 2.614870765
6.75, 2.937193383
7.5, 3.258562449
8.25, 3.578994256
9, 3.898505077
9.75, 4.217111173
10.5, 4.534828795
11.25, 4.851674183
12, 5.167663571
12.75, 5.48281319
13.5, 5.797139268
14.25, 6.110658037
15, 6.423385732
15.75, 6.735338595
16.5, 7.046532879
17.25, 7.356984849
18, 7.666710789
18.75, 7.975726998
19.5, 8.284049803
20.25, 8.591695552
21, 8.898680627
21.75, 9.205021441
22.5, 9.510734443
23.25, 9.815836124
24, 10.12034302
24.75, 10.42427171
25.5, 10.72763884
26.25, 11.03046109
27, 11.33275522
27.75, 11.63453805
28.5, 11.93582646
29.25, 12.23663743
30, 12.53698798
30.75, 12.83689526
31.5, 13.13637647
32.25, 13.43544893
33, 13.73413005
33.75, 14.03243734
34.5, 14.33038845
35.25, 14.62800111
36, 14.92529321
36.75, 15.22228273
37.5, 15.51898783
38.25, 15.81542679
39, 16.11161804
39.75, 16.40758017
40.5, 16.70333195
41.25, 16.99889232
42, 17.29428038
42.75, 17.58951545
43.5, 17.88461703
44.25, 18.17960484
45, 18.47449881
45.75, 18.7693191
46.5, 19.06408611
47.25, 19.35882048
48, 19.65354313
48.75, 19.94827523
49.5, 20.24303824
50.25, 20.53785392
51, 20.83274432
51.75, 21.12773184
52.5, 21.42283918
53.25, 21.71808943
54, 22.01350601
54.75, 22.30911274
55.5, 22.60493383
56.25, 22.9009939
57, 23.19731803
57.75, 23.49393171
58.5, 23.79086093
59.25, 24.08813216
60, 24.38577239
60.75, 24.68380915
61.5, 24.98227051
62.25, 25.28118515
63, 25.58058235
63.75, 25.88049202
64.5, 26.18094475
65.25, 26.48197182
66, 26.78360526
66.75, 27.08587784
67.5, 27.38882313
68.25, 27.69247556
69, 27.99687041
69.75, 28.3020439
70.5, 28.60803319
71.25, 28.91487647
72, 29.22261297
72.75, 29.53128304
73.5, 29.84092821
74.25, 30.15159121
75, 30.46331605
ENDTABLE

iside 1
#DiagramOne1
RACK_KIN_TABLE SPLINE
-75, -30.46331605
-74.25, -30.15159121
-73.5, -29.84092821
-72.75, -29.53128304
-72, -29.22261297
-71.25, -28.91487647
-70.5, -28.60803319
-69.75, -28.3020439
-69, -27.99687041
-68.25, -27.69247556
-67.5, -27.38882313
-66.75, -27.08587784
-66, -26.78360526
-65.25, -26.48197182
-64.5, -26.18094475
-63.75, -25.88049202
-63, -25.58058235
-62.25, -25.28118515
-61.5, -24.98227051
-60.75, -24.68380915
-60, -24.38577239
-59.25, -24.08813216
-58.5, -23.79086093
-57.75, -23.49393171
-57, -23.19731803
-56.25, -22.9009939
-55.5, -22.60493383
-54.75, -22.30911274
-54, -22.01350601
-53.25, -21.71808943
-52.5, -21.42283918
-51.75, -21.12773184
-51, -20.83274432
-50.25, -20.53785392
-49.5, -20.24303824
-48.75, -19.94827523
-48, -19.65354313
-47.25, -19.35882048
-46.5, -19.06408611
-45.75, -18.7693191
-45, -18.47449881
-44.25, -18.17960484
-43.5, -17.88461703
-42.75, -17.58951545
-42, -17.29428038
-41.25, -16.99889232
-40.5, -16.70333195
-39.75, -16.40758017
-39, -16.11161804
-38.25, -15.81542679
-37.5, -15.51898783
-36.75, -15.22228273
-36, -14.92529321
-35.25, -14.62800111
-34.5, -14.33038845
-33.75, -14.03243734
-33, -13.73413005
-32.25, -13.43544893
-31.5, -13.13637647
-30.75, -12.83689526
-30, -12.53698798
-29.25, -12.23663743
-28.5, -11.93582646
-27.75, -11.63453805
-27, -11.33275522
-26.25, -11.03046109
-25.5, -10.72763884
-24.75, -10.42427171
-24, -10.12034302
-23.25, -9.815836124
-22.5, -9.510734443
-21.75, -9.205021441
-21, -8.898680627
-20.25, -8.591695552
-19.5, -8.284049803
-18.75, -7.975726998
-18, -7.666710789
-17.25, -7.356984849
-16.5, -7.046532879
-15.75, -6.735338595
-15, -6.423385732
-14.25, -6.110658037
-13.5, -5.797139268
-12.75, -5.48281319
-12, -5.167663571
-11.25, -4.851674183
-10.5, -4.534828795
-9.75, -4.217111173
-9, -3.898505077
-8.25, -3.578994256
-7.5, -3.258562449
-6.75, -2.937193383
-6, -2.614870765
-5.25, -2.291578288
-4.5, -1.96729962
-3.75, -1.642018409
-3, -1.315718277
-2.25, -0.988382819
-1.5, -0.659995602
-0.75, -0.330540162
0, 0
0.75, 0.331641416
1.5, 0.664400653
2.25, 0.998294321
3, 1.333339065
3.75, 1.669551575
4.5, 2.006948582
5.25, 2.345546864
6, 2.685363245
6.75, 3.026414596
7.5, 3.368717839
8.25, 3.712289945
9, 4.057147939
9.75, 4.4033089
10.5, 4.75078996
11.25, 5.09960831
12, 5.449781196
12.75, 5.801325924
13.5, 6.154259862
14.25, 6.508600436
15, 6.864365136
15.75, 7.221571516
16.5, 7.580237193
17.25, 7.940379853
18, 8.302017245
18.75, 8.665167187
19.5, 9.029847569
20.25, 9.396076346
21, 9.763871547
21.75, 10.13325127
22.5, 10.50423369
23.25, 10.87683706
24, 11.25107969
24.75, 11.62697999
25.5, 12.00455642
26.25, 12.38382755
27, 12.76481199
27.75, 13.14752847
28.5, 13.53199577
29.25, 13.91823277
30, 14.30625842
30.75, 14.69609177
31.5, 15.08775194
32.25, 15.48125814
33, 15.87662968
33.75, 16.27388593
34.5, 16.67304639
35.25, 17.07413062
36, 17.47715829
36.75, 17.88214916
37.5, 18.28912308
38.25, 18.69810001
39, 19.1091
39.75, 19.52214321
40.5, 19.9372499
41.25, 20.35444044
42, 20.77373531
42.75, 21.19515509
43.5, 21.6187205
44.25, 22.04445235
45, 22.47237158
45.75, 22.90249928
46.5, 23.33485663
47.25, 23.76946495
48, 24.20634573
48.75, 24.64552056
49.5, 25.0870112
50.25, 25.53083956
51, 25.9770277
51.75, 26.42559784
52.5, 26.87657239
53.25, 27.32997393
54, 27.7858252
54.75, 28.24414918
55.5, 28.70496902
56.25, 29.16830809
57, 29.63418999
57.75, 30.10263854
58.5, 30.57367781
59.25, 31.04733214
60, 31.52362614
60.75, 32.00258468
61.5, 32.48423297
62.25, 32.96859651
63, 33.45570115
63.75, 33.94557309
64.5, 34.43823892
65.25, 34.93372561
66, 35.43206057
66.75, 35.93327164
67.5, 36.43738715
68.25, 36.94443593
69, 37.45444735
69.75, 37.96745133
70.5, 38.48347842
71.25, 39.0025598
72, 39.52472734
72.75, 40.05001364
73.5, 40.57845207
74.25, 41.11007683
75, 41.64492301
ENDTABLE
#RadioCtrl0 0    
#RadioCtrl1 0    

*SCALAR 0.45
*SCALAR2 0.45


LOG_ENTRY Used Dataset: Steering System: Kinematics for 2 Wheels (Rack & Pinion); { CS C-Class } C-Class, Hatchback
#Library : Steering System: Kinematics for 2 Wheels (Rack & Pinion)
#DataSet : C-Class, Hatchback
#Category: CS C-Class
#FileID  : RkKin2_c1535cb3-aa29-40e8-bbb0-38bc2db0c670
#Product : CarSim 2020.0
#VehCode Steer Kinematics

END
