PARSFILE
#FullDataName Steering System: Kinematics for 2 Wheels (Rack & Pinion)`E-Class, SUV`CS E-Class
#CheckBox0 0    

#RingCtrl0 SPLINE
#RingCtrl1 SPLINE

iside 2
#DiagramOne0
RACK_KIN_TABLE SPLINE
-80, -42.03028225
-79.2, -41.49184372
-78.4, -40.95670869
-77.6, -40.42483584
-76.8, -39.89618501
-76, -39.37071717
-75.2, -38.84839433
-74.4, -38.32917945
-73.6, -37.81303646
-72.8, -37.29993011
-72, -36.789826
-71.2, -36.2826905
-70.4, -35.77849071
-69.6, -35.27719442
-68.8, -34.77877008
-68, -34.28318675
-67.2, -33.79041407
-66.4, -33.30042226
-65.6, -32.81318203
-64.8, -32.32866462
-64, -31.84684173
-63.2, -31.3676855
-62.4, -30.89116851
-61.6, -30.41726374
-60.8, -29.94594455
-60, -29.47718469
-59.2, -29.01095823
-58.4, -28.5472396
-57.6, -28.08600353
-56.8, -27.62722506
-56, -27.17087953
-55.2, -26.71694255
-54.4, -26.26538999
-53.6, -25.816198
-52.8, -25.36934294
-52, -24.92480143
-51.2, -24.48255031
-50.4, -24.04256664
-49.6, -23.60482768
-48.8, -23.1693109
-48, -22.73599396
-47.2, -22.30485471
-46.4, -21.87587117
-45.6, -21.44902156
-44.8, -21.02428425
-44, -20.60163777
-43.2, -20.18106081
-42.4, -19.76253224
-41.6, -19.34603104
-40.8, -18.93153635
-40, -18.51902747
-39.2, -18.10848382
-38.4, -17.69988495
-37.6, -17.29321054
-36.8, -16.8884404
-36, -16.48555448
-35.2, -16.08453282
-34.4, -15.6853556
-33.6, -15.28800311
-32.8, -14.89245574
-32, -14.498694
-31.2, -14.10669852
-30.4, -13.71645001
-29.6, -13.32792929
-28.8, -12.9411173
-28, -12.55599505
-27.2, -12.17254366
-26.4, -11.79074434
-25.6, -11.41057841
-24.8, -11.03202726
-24, -10.65507237
-23.2, -10.27969532
-22.4, -9.905877757
-21.6, -9.533601427
-20.8, -9.162848152
-20, -8.793599832
-19.2, -8.425838448
-18.4, -8.059546055
-17.6, -7.694704786
-16.8, -7.331296844
-16, -6.969304504
-15.2, -6.608710113
-14.4, -6.249496084
-13.6, -5.891644897
-12.8, -5.535139097
-12, -5.179961291
-11.2, -4.826094151
-10.4, -4.473520403
-9.6, -4.122222837
-8.8, -3.772184294
-8, -3.423387674
-7.2, -3.075815925
-6.4, -2.729452051
-5.6, -2.384279101
-4.8, -2.040280172
-4, -1.697438409
-3.2, -1.355736997
-2.4, -1.015159164
-1.6, -0.675688178
-0.8, -0.337307343
0, 0
0.8, 0.336250478
1.6, 0.671460686
2.4, 1.00564719
3.2, 1.338826529
4, 1.671015219
4.8, 2.00222975
5.6, 2.332486597
6.4, 2.661802214
7.2, 2.99019304
8, 3.317675503
8.8, 3.64426602
9.6, 3.969981
10.4, 4.294836849
11.2, 4.618849969
12, 4.942036764
12.8, 5.264413642
13.6, 5.585997015
14.4, 5.906803307
15.2, 6.226848953
16, 6.546150407
16.8, 6.864724138
17.6, 7.182586638
18.4, 7.499754427
19.2, 7.816244052
20, 8.132072094
20.8, 8.447255169
21.6, 8.761809933
22.4, 9.075753089
23.2, 9.389101384
24, 9.70187162
24.8, 10.01408065
25.6, 10.3257454
26.4, 10.63688284
27.2, 10.94751004
28, 11.2576441
28.8, 11.56730225
29.6, 11.87650177
30.4, 12.18526003
31.2, 12.49359451
32, 12.80152278
32.8, 13.10906252
33.6, 13.41623152
34.4, 13.72304767
35.2, 14.02952902
36, 14.33569371
36.8, 14.64156005
37.6, 14.94714647
38.4, 15.25247156
39.2, 15.55755406
40, 15.86241288
40.8, 16.1670671
41.6, 16.47153598
42.4, 16.77583898
43.2, 17.07999575
44, 17.38402613
44.8, 17.6879502
45.6, 17.99178826
46.4, 18.29556083
47.2, 18.59928868
48, 18.90299287
48.8, 19.20669467
49.6, 19.51041568
50.4, 19.81417776
51.2, 20.11800308
52, 20.42191414
52.8, 20.72593377
53.6, 21.03008512
54.4, 21.33439172
55.2, 21.63887748
56, 21.94356669
56.8, 22.24848404
57.6, 22.55365467
58.4, 22.85910415
59.2, 23.16485851
60, 23.47094426
60.8, 23.77738844
61.6, 24.08421859
62.4, 24.39146281
63.2, 24.69914977
64, 25.00730875
64.8, 25.31596965
65.6, 25.62516301
66.4, 25.93492008
67.2, 26.24527281
68, 26.55625389
68.8, 26.86789682
69.6, 27.18023589
70.4, 27.49330626
71.2, 27.80714397
72, 28.12178603
72.8, 28.43727041
73.6, 28.75363611
74.4, 29.07092322
75.2, 29.38917298
76, 29.70842778
76.8, 30.02873131
77.6, 30.35012854
78.4, 30.67266583
79.2, 30.99639101
80, 31.32135342
ENDTABLE

iside 1
#DiagramOne1
RACK_KIN_TABLE SPLINE
-80, -31.32135342
-79.2, -30.99639101
-78.4, -30.67266583
-77.6, -30.35012854
-76.8, -30.02873131
-76, -29.70842778
-75.2, -29.38917298
-74.4, -29.07092322
-73.6, -28.75363611
-72.8, -28.43727041
-72, -28.12178603
-71.2, -27.80714397
-70.4, -27.49330626
-69.6, -27.18023589
-68.8, -26.86789682
-68, -26.55625389
-67.2, -26.24527281
-66.4, -25.93492008
-65.6, -25.62516301
-64.8, -25.31596965
-64, -25.00730875
-63.2, -24.69914977
-62.4, -24.39146281
-61.6, -24.08421859
-60.8, -23.77738844
-60, -23.47094426
-59.2, -23.16485851
-58.4, -22.85910415
-57.6, -22.55365467
-56.8, -22.24848404
-56, -21.94356669
-55.2, -21.63887748
-54.4, -21.33439172
-53.6, -21.03008512
-52.8, -20.72593377
-52, -20.42191414
-51.2, -20.11800308
-50.4, -19.81417776
-49.6, -19.51041568
-48.8, -19.20669467
-48, -18.90299287
-47.2, -18.59928868
-46.4, -18.29556083
-45.6, -17.99178826
-44.8, -17.6879502
-44, -17.38402613
-43.2, -17.07999575
-42.4, -16.77583898
-41.6, -16.47153598
-40.8, -16.1670671
-40, -15.86241288
-39.2, -15.55755406
-38.4, -15.25247156
-37.6, -14.94714647
-36.8, -14.64156005
-36, -14.33569371
-35.2, -14.02952902
-34.4, -13.72304767
-33.6, -13.41623152
-32.8, -13.10906252
-32, -12.80152278
-31.2, -12.49359451
-30.4, -12.18526003
-29.6, -11.87650177
-28.8, -11.56730225
-28, -11.2576441
-27.2, -10.94751004
-26.4, -10.63688284
-25.6, -10.3257454
-24.8, -10.01408065
-24, -9.70187162
-23.2, -9.389101384
-22.4, -9.075753089
-21.6, -8.761809933
-20.8, -8.447255169
-20, -8.132072094
-19.2, -7.816244052
-18.4, -7.499754427
-17.6, -7.182586638
-16.8, -6.864724138
-16, -6.546150407
-15.2, -6.226848953
-14.4, -5.906803307
-13.6, -5.585997015
-12.8, -5.264413642
-12, -4.942036764
-11.2, -4.618849969
-10.4, -4.294836849
-9.6, -3.969981
-8.8, -3.64426602
-8, -3.317675503
-7.2, -2.99019304
-6.4, -2.661802214
-5.6, -2.332486597
-4.8, -2.00222975
-4, -1.671015219
-3.2, -1.338826529
-2.4, -1.00564719
-1.6, -0.671460686
-0.8, -0.336250478
0, 0
0.8, 0.337307343
1.6, 0.675688178
2.4, 1.015159164
3.2, 1.355736997
4, 1.697438409
4.8, 2.040280172
5.6, 2.384279101
6.4, 2.729452051
7.2, 3.075815925
8, 3.423387674
8.8, 3.772184294
9.6, 4.122222837
10.4, 4.473520403
11.2, 4.826094151
12, 5.179961291
12.8, 5.535139097
13.6, 5.891644897
14.4, 6.249496084
15.2, 6.608710113
16, 6.969304504
16.8, 7.331296844
17.6, 7.694704786
18.4, 8.059546055
19.2, 8.425838448
20, 8.793599832
20.8, 9.162848152
21.6, 9.533601427
22.4, 9.905877757
23.2, 10.27969532
24, 10.65507237
24.8, 11.03202726
25.6, 11.41057841
26.4, 11.79074434
27.2, 12.17254366
28, 12.55599505
28.8, 12.9411173
29.6, 13.32792929
30.4, 13.71645001
31.2, 14.10669852
32, 14.498694
32.8, 14.89245574
33.6, 15.28800311
34.4, 15.6853556
35.2, 16.08453282
36, 16.48555448
36.8, 16.8884404
37.6, 17.29321054
38.4, 17.69988495
39.2, 18.10848382
40, 18.51902747
40.8, 18.93153635
41.6, 19.34603104
42.4, 19.76253224
43.2, 20.18106081
44, 20.60163777
44.8, 21.02428425
45.6, 21.44902156
46.4, 21.87587117
47.2, 22.30485471
48, 22.73599396
48.8, 23.1693109
49.6, 23.60482768
50.4, 24.04256664
51.2, 24.48255031
52, 24.92480143
52.8, 25.36934294
53.6, 25.816198
54.4, 26.26538999
55.2, 26.71694255
56, 27.17087953
56.8, 27.62722506
57.6, 28.08600353
58.4, 28.5472396
59.2, 29.01095823
60, 29.47718469
60.8, 29.94594455
61.6, 30.41726374
62.4, 30.89116851
63.2, 31.3676855
64, 31.84684173
64.8, 32.32866462
65.6, 32.81318203
66.4, 33.30042226
67.2, 33.79041407
68, 34.28318675
68.8, 34.77877008
69.6, 35.27719442
70.4, 35.77849071
71.2, 36.2826905
72, 36.789826
72.8, 37.29993011
73.6, 37.81303646
74.4, 38.32917945
75.2, 38.84839433
76, 39.37071717
76.8, 39.89618501
77.6, 40.42483584
78.4, 40.95670869
79.2, 41.49184372
80, 42.03028225
ENDTABLE
#RadioCtrl0 0    
#RadioCtrl1 0    

*SCALAR 0.45
*SCALAR2 0.45


LOG_ENTRY Used Dataset: Steering System: Kinematics for 2 Wheels (Rack & Pinion); { CS E-Class } E-Class, SUV
#Library : Steering System: Kinematics for 2 Wheels (Rack & Pinion)
#DataSet : E-Class, SUV
#Category: CS E-Class
#FileID  : RkKin2_22c5e636-c427-48a0-a17a-03c15dc1f008
#Product : CarSim 2020.0
#VehCode Steer Kinematics

END
