PARSFILE
#FullDataName Steering System: Kinematics for 2 Wheels (Rack & Pinion)`SUV, Full Size`CS Pickup Trucks, SUVs, and Vans
#CheckBox0 0    

#RingCtrl0 SPLINE
#RingCtrl1 SPLINE

iside 2
#DiagramOne0
RACK_KIN_TABLE SPLINE
-68, -49.12
-65.28, -46.5
-62.56, -43.95
-59.84, -41.47
-57.12, -39.06
-54.4, -36.71
-51.68, -34.42
-48.96, -32.19
-46.24, -30.02
-43.52, -27.91
-40.8, -25.85
-38.08, -23.83
-35.36, -21.87
-32.64, -19.96
-29.92, -18.09
-27.2, -16.26
-24.48, -14.48
-21.76, -12.73
-19.04, -11.03
-16.32, -9.36
-13.6, -7.72
-10.88, -6.12
-8.16, -4.55
-5.44, -3
-2.72, -1.49
0, 0
2.72, 1.46
5.44, 2.91
8.16, 4.33
10.88, 5.73
13.6, 7.11
16.32, 8.47
19.04, 9.82
21.76, 11.16
24.48, 12.48
27.2, 13.8
29.92, 15.1
32.64, 16.4
35.36, 17.69
38.08, 18.98
40.8, 20.26
43.52, 21.55
46.24, 22.84
48.96, 24.13
51.68, 25.43
54.4, 26.74
57.12, 28.06
59.84, 29.39
62.56, 30.74
65.28, 32.12
68, 33.52
ENDTABLE

iside 1
#DiagramOne1
RACK_KIN_TABLE SPLINE
-68, -33.52
-65.28, -32.12
-62.56, -30.74
-59.84, -29.39
-57.12, -28.06
-54.4, -26.74
-51.68, -25.43
-48.96, -24.13
-46.24, -22.84
-43.52, -21.55
-40.8, -20.26
-38.08, -18.98
-35.36, -17.69
-32.64, -16.4
-29.92, -15.1
-27.2, -13.8
-24.48, -12.48
-21.76, -11.16
-19.04, -9.82
-16.32, -8.47
-13.6, -7.11
-10.88, -5.73
-8.16, -4.33
-5.44, -2.91
-2.72, -1.46
0, 0
2.72, 1.49
5.44, 3
8.16, 4.55
10.88, 6.12
13.6, 7.72
16.32, 9.36
19.04, 11.03
21.76, 12.73
24.48, 14.48
27.2, 16.26
29.92, 18.09
32.64, 19.96
35.36, 21.87
38.08, 23.83
40.8, 25.85
43.52, 27.91
46.24, 30.02
48.96, 32.19
51.68, 34.42
54.4, 36.71
57.12, 39.06
59.84, 41.47
62.56, 43.95
65.28, 46.5
68, 49.12
ENDTABLE
#RadioCtrl0 0    
#RadioCtrl1 0    



LOG_ENTRY Used Dataset: Steering System: Kinematics for 2 Wheels (Rack & Pinion); { CS Pickup Trucks, SUVs, and Vans } SUV, Full Size
#Library : Steering System: Kinematics for 2 Wheels (Rack & Pinion)
#DataSet : SUV, Full Size
#Category: CS Pickup Trucks, SUVs, and Vans
#FileID  : RkKin2_744d9f69-9be7-436a-b550-120c09a827bd
#Product : CarSim 2020.0
#VehCode Steer Kinematics

END
