PARSFILE
#FullDataName Control: Steering (Open Loop)`Test Sine @30 km/h: 0.4 Hz, 100 deg`* * * CYBRIX: Calibration Signals
OPT_DM 0
OPT_STR_BY_TRQ 0
#CheckBox0 0    

#RingCtrl0 LINEAR_LOOP
#RadioCtrl0 0    

#DiagramOne0
STEER_SW_TABLE LINEAR_LOOP
0, 0
0.1, 1.5772
0.2, 6.2093
0.3, 13.606
0.4, 23.301
0.5, 34.688
0.6, 47.049
0.7, 59.608
0.8, 71.573
0.9, 82.2
1, 90.81
1.1, 96.87
1.2, 100.01
1.3, 100.01
1.4, 96.87
1.5, 90.81
1.6, 82.2
1.7, 71.573
1.8, 59.608
1.9, 47.049
2, 34.688
2.1, 23.301
2.2, 13.606
2.3, 6.2093
2.4, 1.5772
2.5, 0
2.6, -1.5772
2.7, -6.2093
2.8, -13.606
2.9, -23.301
3, -34.688
3.1, -47.049
3.2, -59.608
3.3, -71.573
3.4, -82.2
3.5, -90.81
3.6, -96.87
3.7, -100.01
3.8, -100.01
3.9, -96.87
4, -90.81
4.1, -82.2
4.2, -71.573
4.3, -59.608
4.4, -47.049
4.5, -34.688
4.6, -23.301
4.7, -13.606
4.8, -6.2093
4.9, -1.5772
5, 0
5.1, -1.5772
5.2, -6.2093
5.3, -13.606
5.4, -23.301
5.5, -34.688
5.6, -47.049
5.7, -59.608
5.8, -71.573
5.9, -82.2
6, -90.81
6.1, -96.87
6.2, -100.01
6.3, -100.01
6.4, -96.87
6.5, -90.81
6.6, -82.2
6.7, -71.573
6.8, -59.608
6.9, -47.049
7, -34.688
7.1, -23.301
7.2, -13.606
7.3, -6.2093
7.4, -1.5772
7.5, 0
7.6, 1.5772
7.7, 6.2093
7.8, 13.606
7.9, 23.301
8, 34.688
8.1, 47.049
8.2, 59.608
8.3, 71.573
8.4, 82.2
8.5, 90.81
8.6, 96.87
8.7, 100.01
8.8, 100.01
8.9, 96.87
9, 90.81
9.1, 82.2
9.2, 71.573
9.3, 59.608
9.4, 47.049
9.5, 34.688
9.6, 23.301
9.7, 13.606
9.8, 6.2093
9.9, 1.5772
10, 0
ENDTABLE


LOG_ENTRY Used Dataset: Control: Steering (Open Loop); { * * * CYBRIX: Calibration Signals } Test Sine @30 km/h: 0.4 Hz, 100 deg
#Library : Control: Steering (Open Loop)
#DataSet : Test Sine @30 km/h: 0.4 Hz, 100 deg
#Category: * * * CYBRIX: Calibration Signals
#FileID  : StrSW_b1cf15f1-4dfe-48f0-bd9c-20e5790b8fd6
#Product : TruckSim 2020.1
#VehCode Open-Loop Steering

END
