PARSFILE
#FullDataName Control: Steering (Open Loop)`Test Sine: 0.1 Hz, 540 deg`* * * CYBRIX: Calibration Signals
OPT_DM 0
OPT_STR_BY_TRQ 0
#CheckBox0 0    

#RingCtrl0 SPLINE_LOOP
#RadioCtrl0 0    

#DiagramOne0
STEER_SW_TABLE SPLINE_LOOP
0, 0
0.2, 67.6799461247
0.4, 134.292539069
0.6, 198.78725845
0.8, 260.146984015
1, 317.404036238
1.2, 369.655437201
1.4, 416.077151099
1.6, 455.937079771
1.8, 488.606608332
2, 513.570518799
2.2, 530.435115393
2.4, 538.934433351
2.6, 538.934433351
2.8, 530.435115393
3, 513.570518799
3.2, 488.606608332
3.4, 455.937079771
3.6, 416.077151099
3.8, 369.655437201
4, 317.404036238
4.2, 260.146984015
4.4, 198.78725845
4.6, 134.292539069
4.8, 67.6799461247
5, 6.6130927154e-14
5.2, -67.6799461247
5.4, -134.292539069
5.6, -198.78725845
5.8, -260.146984015
6, -317.404036238
6.2, -369.655437201
6.4, -416.077151099
6.6, -455.937079771
6.8, -488.606608332
7, -513.570518799
7.2, -530.435115393
7.4, -538.934433351
7.6, -538.934433351
7.8, -530.435115393
8, -513.570518799
8.2, -488.606608332
8.4, -455.937079771
8.6, -416.077151099
8.8, -369.655437201
9, -317.404036238
9.2, -260.146984015
9.4, -198.78725845
9.6, -134.292539069
9.8, -67.6799461247
10, -1.32261854308e-13
10.2, -67.6799461247
10.4, -134.292539069
10.6, -198.78725845
10.8, -260.146984015
11, -317.404036238
11.2, -369.655437201
11.4, -416.077151099
11.6, -455.937079771
11.8, -488.606608332
12, -513.570518799
12.2, -530.435115393
12.4, -538.934433351
12.6, -538.934433351
12.8, -530.435115393
13, -513.570518799
13.2, -488.606608332
13.4, -455.937079771
13.6, -416.077151099
13.8, -369.655437201
14, -317.404036238
14.2, -260.146984015
14.4, -198.78725845
14.6, -134.292539069
14.8, -67.6799461247
15, -6.6130927154e-14
15.2, 67.6799461247
15.4, 134.292539069
15.6, 198.78725845
15.8, 260.146984015
16, 317.404036238
16.2, 369.655437201
16.4, 416.077151099
16.6, 455.937079771
16.8, 488.606608332
17, 513.570518799
17.2, 530.435115393
17.4, 538.934433351
17.6, 538.934433351
17.8, 530.435115393
18, 513.570518799
18.2, 488.606608332
18.4, 455.937079771
18.6, 416.077151099
18.8, 369.655437201
19, 317.404036238
19.2, 260.146984015
19.4, 198.78725845
19.6, 134.292539069
19.8, 67.6799461247
20, 0
ENDTABLE


LOG_ENTRY Used Dataset: Control: Steering (Open Loop); { * * * CYBRIX: Calibration Signals } Test Sine: 0.1 Hz, 540 deg
#Library : Control: Steering (Open Loop)
#DataSet : Test Sine: 0.1 Hz, 540 deg
#Category: * * * CYBRIX: Calibration Signals
#FileID  : StrSW_84729ca3-a6bf-410f-b78d-97718e2d34b9
#Product : TruckSim 2020.1
#VehCode Open-Loop Steering

END
