PARSFILE
#FullDataName Control: Steering (Open Loop)`Test Sine @10 km/h: 0.2 Hz, 225 deg`* * * CYBRIX: Calibration Signals
OPT_DM 0
OPT_STR_BY_TRQ 0
#CheckBox0 0    

#RingCtrl0 LINEAR_LOOP
#RadioCtrl0 0    

#DiagramOne0
STEER_SW_TABLE LINEAR_LOOP
0, 0
0.2, 3.5486
0.4, 13.971
0.6, 30.613
0.8, 52.429
1, 78.048
1.2, 105.86
1.4, 134.12
1.6, 161.04
1.8, 184.95
2, 204.33
2.2, 217.97
2.4, 225.01
2.6, 225.01
2.8, 217.97
3, 204.33
3.2, 184.95
3.4, 161.04
3.6, 134.12
3.8, 105.86
4, 78.048
4.2, 52.429
4.4, 30.613
4.6, 13.971
4.8, 3.5486
5, 0
5.2, -3.5486
5.4, -13.971
5.6, -30.613
5.8, -52.429
6, -78.048
6.2, -105.86
6.4, -134.12
6.6, -161.04
6.8, -184.95
7, -204.33
7.2, -217.97
7.4, -225.01
7.6, -225.01
7.8, -217.97
8, -204.33
8.2, -184.95
8.4, -161.04
8.6, -134.12
8.8, -105.86
9, -78.048
9.2, -52.429
9.4, -30.613
9.6, -13.971
9.8, -3.5486
10, 0
10.2, -3.5486
10.4, -13.971
10.6, -30.613
10.8, -52.429
11, -78.048
11.2, -105.86
11.4, -134.12
11.6, -161.04
11.8, -184.95
12, -204.33
12.2, -217.97
12.4, -225.01
12.6, -225.01
12.8, -217.97
13, -204.33
13.2, -184.95
13.4, -161.04
13.6, -134.12
13.8, -105.86
14, -78.048
14.2, -52.429
14.4, -30.613
14.6, -13.971
14.8, -3.5486
15, 0
15.2, 3.5486
15.4, 13.971
15.6, 30.613
15.8, 52.429
16, 78.048
16.2, 105.86
16.4, 134.12
16.6, 161.04
16.8, 184.95
17, 204.33
17.2, 217.97
17.4, 225.01
17.6, 225.01
17.8, 217.97
18, 204.33
18.2, 184.95
18.4, 161.04
18.6, 134.12
18.8, 105.86
19, 78.048
19.2, 52.429
19.4, 30.613
19.6, 13.971
19.8, 3.5486
20, 0
ENDTABLE


LOG_ENTRY Used Dataset: Control: Steering (Open Loop); { * * * CYBRIX: Calibration Signals } Test Sine @10 km/h: 0.2 Hz, 225 deg
#Library : Control: Steering (Open Loop)
#DataSet : Test Sine @10 km/h: 0.2 Hz, 225 deg
#Category: * * * CYBRIX: Calibration Signals
#FileID  : StrSW_3a6cf7d3-64d0-400e-9a4e-1cf8c6e04adc
#Product : TruckSim 2020.1
#VehCode Open-Loop Steering

END
