PARSFILE
#FullDataName Control: Steering (Open Loop)`Test Sine @20 km/h: 0.4 Hz, 150 deg`* * * CYBRIX: Calibration Signals
OPT_DM 0
OPT_STR_BY_TRQ 0
#CheckBox0 0    

#RingCtrl0 LINEAR_LOOP
#RadioCtrl0 0    

#DiagramOne0
STEER_SW_TABLE LINEAR_LOOP
0, 0
0.1, 2.3658
0.2, 9.314
0.3, 20.409
0.4, 34.952
0.5, 52.032
0.6, 70.573
0.7, 89.413
0.8, 107.36
0.9, 123.3
1, 136.22
1.1, 145.31
1.2, 150.01
1.3, 150.01
1.4, 145.31
1.5, 136.22
1.6, 123.3
1.7, 107.36
1.8, 89.413
1.9, 70.573
2, 52.032
2.1, 34.952
2.2, 20.409
2.3, 9.314
2.4, 2.3658
2.5, 0
2.6, -2.3658
2.7, -9.314
2.8, -20.409
2.9, -34.952
3, -52.032
3.1, -70.573
3.2, -89.413
3.3, -107.36
3.4, -123.3
3.5, -136.22
3.6, -145.31
3.7, -150.01
3.8, -150.01
3.9, -145.31
4, -136.22
4.1, -123.3
4.2, -107.36
4.3, -89.413
4.4, -70.573
4.5, -52.032
4.6, -34.952
4.7, -20.409
4.8, -9.314
4.9, -2.3658
5, 0
5.1, -2.3658
5.2, -9.314
5.3, -20.409
5.4, -34.952
5.5, -52.032
5.6, -70.573
5.7, -89.413
5.8, -107.36
5.9, -123.3
6, -136.22
6.1, -145.31
6.2, -150.01
6.3, -150.01
6.4, -145.31
6.5, -136.22
6.6, -123.3
6.7, -107.36
6.8, -89.413
6.9, -70.573
7, -52.032
7.1, -34.952
7.2, -20.409
7.3, -9.314
7.4, -2.3658
7.5, 0
7.6, 2.3658
7.7, 9.314
7.8, 20.409
7.9, 34.952
8, 52.032
8.1, 70.573
8.2, 89.413
8.3, 107.36
8.4, 123.3
8.5, 136.22
8.6, 145.31
8.7, 150.01
8.8, 150.01
8.9, 145.31
9, 136.22
9.1, 123.3
9.2, 107.36
9.3, 89.413
9.4, 70.573
9.5, 52.032
9.6, 34.952
9.7, 20.409
9.8, 9.314
9.9, 2.3658
10, 0
ENDTABLE


LOG_ENTRY Used Dataset: Control: Steering (Open Loop); { * * * CYBRIX: Calibration Signals } Test Sine @20 km/h: 0.4 Hz, 150 deg
#Library : Control: Steering (Open Loop)
#DataSet : Test Sine @20 km/h: 0.4 Hz, 150 deg
#Category: * * * CYBRIX: Calibration Signals
#FileID  : StrSW_f1e94554-3da7-4074-af5e-85de73f18965
#Product : TruckSim 2020.1
#VehCode Open-Loop Steering

END
