PARSFILE
#FullDataName Control: Steering (Open Loop)`Test Sine @40 km/h: 0.4 Hz,   60 deg`* * * CYBRIX: Calibration Signals
OPT_DM 0
OPT_STR_BY_TRQ 0
#CheckBox0 0    

#RingCtrl0 LINEAR_LOOP
#RadioCtrl0 0    

#DiagramOne0
STEER_SW_TABLE LINEAR_LOOP
0, 0
0.1, 0.94632
0.2, 3.7256
0.3, 8.1636
0.4, 13.981
0.5, 20.813
0.6, 28.229
0.7, 35.765
0.8, 42.944
0.9, 49.32
1, 54.486
1.1, 58.122
1.2, 60.006
1.3, 60.006
1.4, 58.122
1.5, 54.486
1.6, 49.32
1.7, 42.944
1.8, 35.765
1.9, 28.229
2, 20.813
2.1, 13.981
2.2, 8.1636
2.3, 3.7256
2.4, 0.94632
2.5, 0
2.6, -0.94632
2.7, -3.7256
2.8, -8.1636
2.9, -13.981
3, -20.813
3.1, -28.229
3.2, -35.765
3.3, -42.944
3.4, -49.32
3.5, -54.486
3.6, -58.122
3.7, -60.006
3.8, -60.006
3.9, -58.122
4, -54.486
4.1, -49.32
4.2, -42.944
4.3, -35.765
4.4, -28.229
4.5, -20.813
4.6, -13.981
4.7, -8.1636
4.8, -3.7256
4.9, -0.94632
5, 0
5.1, -0.94632
5.2, -3.7256
5.3, -8.1636
5.4, -13.981
5.5, -20.813
5.6, -28.229
5.7, -35.765
5.8, -42.944
5.9, -49.32
6, -54.486
6.1, -58.122
6.2, -60.006
6.3, -60.006
6.4, -58.122
6.5, -54.486
6.6, -49.32
6.7, -42.944
6.8, -35.765
6.9, -28.229
7, -20.813
7.1, -13.981
7.2, -8.1636
7.3, -3.7256
7.4, -0.94632
7.5, 0
7.6, 0.94632
7.7, 3.7256
7.8, 8.1636
7.9, 13.981
8, 20.813
8.1, 28.229
8.2, 35.765
8.3, 42.944
8.4, 49.32
8.5, 54.486
8.6, 58.122
8.7, 60.006
8.8, 60.006
8.9, 58.122
9, 54.486
9.1, 49.32
9.2, 42.944
9.3, 35.765
9.4, 28.229
9.5, 20.813
9.6, 13.981
9.7, 8.1636
9.8, 3.7256
9.9, 0.94632
10, 0
ENDTABLE


LOG_ENTRY Used Dataset: Control: Steering (Open Loop); { * * * CYBRIX: Calibration Signals } Test Sine @40 km/h: 0.4 Hz,   60 deg
#Library : Control: Steering (Open Loop)
#DataSet : Test Sine @40 km/h: 0.4 Hz,   60 deg
#Category: * * * CYBRIX: Calibration Signals
#FileID  : StrSW_9b751069-1752-4e03-9ae7-73c57fc72705
#Product : TruckSim 2020.1
#VehCode Open-Loop Steering

END
