PARSFILE
#FullDataName Suspension: Dive Angle (Caster Change)`Dive: Twist-Beam - Rear (2D)`Twist-Beam (2D): Generic Suspension
#CheckBox0 0    

#RingCtrl0 2D_SPLINE
*SCALAR 0.0123
*SCALAR2 0.0456

*3D_XLabel jounce other side (mm)
*3D_YLabel Suspension cmp. (jounce) (mm)
*3D_ZLabel Dive angle (deg)

#DiagramTwo0
*3D_DATA 6, 45 ! columns x rows
SUSP_DIVE_CARPET 2D_SPLINE
0, -90, -60, -30, 0, 30, 60
-92.645, -7.7443, -7.5325, -7.3276, -7.1294, -6.9375, -6.7516
-88.645, -7.458, -7.2466, -7.0421, -6.8443, -6.6529, -6.4674
-84.645, -7.1715, -6.9604, -6.7563, -6.5589, -6.3679, -6.1829
-80.645, -6.8847, -6.6739, -6.4702, -6.2732, -6.0826, -5.8981
-76.645, -6.5976, -6.3872, -6.1838, -5.9872, -5.797, -5.6129
-72.645, -6.3103, -6.1002, -5.8971, -5.7009, -5.5111, -5.3274
-68.645, -6.0227, -5.8129, -5.6102, -5.4143, -5.2248, -5.0415
-64.645, -5.7349, -5.5253, -5.3229, -5.1273, -4.9382, -4.7552
-60.645, -5.4469, -5.2375, -5.0354, -4.84, -4.6512, -4.4686
-56.645, -5.1586, -4.9494, -4.7475, -4.5525, -4.364, -4.1816
-52.645, -4.87, -4.6611, -4.4594, -4.2646, -4.0764, -3.8943
-48.645, -4.5812, -4.3725, -4.171, -3.9764, -3.7884, -3.6067
-44.645, -4.2922, -4.0836, -3.8823, -3.6879, -3.5001, -3.3187
-40.645, -4.0029, -3.7944, -3.5933, -3.3991, -3.2115, -3.0303
-36.645, -3.7134, -3.505, -3.304, -3.11, -2.9226, -2.7416
-32.645, -3.4236, -3.2153, -3.0144, -2.8205, -2.6333, -2.4525
-28.645, -3.1336, -2.9254, -2.7246, -2.5308, -2.3438, -2.1631
-24.645, -2.8434, -2.6352, -2.4344, -2.2407, -2.0538, -1.8734
-20.645, -2.5529, -2.3447, -2.144, -1.9504, -1.7636, -1.5832
-16.645, -2.2621, -2.0539, -1.8532, -1.6597, -1.473, -1.2927
-12.645, -1.9712, -1.7629, -1.5622, -1.3687, -1.182, -1.0019
-8.645, -1.6799, -1.4716, -1.2709, -1.0774, -0.89078, -0.71071
-4.645, -1.3885, -1.1801, -0.97931, -0.78579, -0.59918, -0.41916
-0.645, -1.0968, -0.88828, -0.68742, -0.49386, -0.30725, -0.12725
3.355, -0.80481, -0.59619, -0.39524, -0.20161, -0.014972, 0.16502
7.355, -0.51261, -0.30384, -0.10277, 0.090947, 0.27764, 0.45765
11.355, -0.22016, -0.011215, 0.19, 0.38382, 0.57059, 0.75064
15.355, 0.072533, 0.28168, 0.48306, 0.67702, 0.86388, 1.044
19.355, 0.36548, 0.57485, 0.77643, 0.97054, 1.1575, 1.3377
23.355, 0.65866, 0.86829, 1.0701, 1.2644, 1.4515, 1.6318
27.355, 0.9521, 1.162, 1.364, 1.5585, 1.7458, 1.9263
31.355, 1.2458, 1.456, 1.6583, 1.853, 2.0405, 2.2211
35.355, 1.5397, 1.7502, 1.9528, 2.1478, 2.3355, 2.5163
39.355, 1.8339, 2.0448, 2.2477, 2.443, 2.6309, 2.8119
43.355, 2.1284, 2.3396, 2.5429, 2.7384, 2.9266, 3.1078
47.355, 2.423, 2.6347, 2.8383, 3.0342, 3.2227, 3.4042
51.355, 2.718, 2.9301, 3.1341, 3.3304, 3.5192, 3.7009
55.355, 3.0132, 3.2258, 3.4302, 3.6268, 3.816, 3.998
59.355, 3.3087, 3.5217, 3.7266, 3.9236, 4.1132, 4.2955
63.355, 3.6044, 3.818, 4.0233, 4.2208, 4.4107, 4.5934
67.355, 3.9004, 4.1145, 4.3203, 4.5183, 4.7086, 4.8917
71.355, 4.1966, 4.4113, 4.6177, 4.8161, 5.0069, 5.1904
75.355, 4.4932, 4.7084, 4.9154, 5.1143, 5.3056, 5.4895
79.355, 4.79, 5.0059, 5.2134, 5.4128, 5.6046, 5.789
83.355, 5.087, 5.3036, 5.5117, 5.7117, 5.904, 6.0889
ENDTABLE

SUSP_DIVE_JNC_OTHER_SIDE_CONSTANT 0.0456
#RadioCtrl0 0    
#RadioCtrl1 0    


FLAG_DIVE_2D_TABLE 1

*3D_XLabel jounce other side (mm)
*3D_YLabel Suspension cmp. (jounce) (mm)
*3D_ZLabel Dive angle (deg)

#DiagramTwo0
*3D_DATA 6, 45 ! columns x rows
SUSP_DIVE_AXLE_CARPET 2D_SPLINE
0, -90, -60, -30, 0, 30, 60
-92.645, -7.7443, -7.5325, -7.3276, -7.1294, -6.9375, -6.7516
-88.645, -7.458, -7.2466, -7.0421, -6.8443, -6.6529, -6.4674
-84.645, -7.1715, -6.9604, -6.7563, -6.5589, -6.3679, -6.1829
-80.645, -6.8847, -6.6739, -6.4702, -6.2732, -6.0826, -5.8981
-76.645, -6.5976, -6.3872, -6.1838, -5.9872, -5.797, -5.6129
-72.645, -6.3103, -6.1002, -5.8971, -5.7009, -5.5111, -5.3274
-68.645, -6.0227, -5.8129, -5.6102, -5.4143, -5.2248, -5.0415
-64.645, -5.7349, -5.5253, -5.3229, -5.1273, -4.9382, -4.7552
-60.645, -5.4469, -5.2375, -5.0354, -4.84, -4.6512, -4.4686
-56.645, -5.1586, -4.9494, -4.7475, -4.5525, -4.364, -4.1816
-52.645, -4.87, -4.6611, -4.4594, -4.2646, -4.0764, -3.8943
-48.645, -4.5812, -4.3725, -4.171, -3.9764, -3.7884, -3.6067
-44.645, -4.2922, -4.0836, -3.8823, -3.6879, -3.5001, -3.3187
-40.645, -4.0029, -3.7944, -3.5933, -3.3991, -3.2115, -3.0303
-36.645, -3.7134, -3.505, -3.304, -3.11, -2.9226, -2.7416
-32.645, -3.4236, -3.2153, -3.0144, -2.8205, -2.6333, -2.4525
-28.645, -3.1336, -2.9254, -2.7246, -2.5308, -2.3438, -2.1631
-24.645, -2.8434, -2.6352, -2.4344, -2.2407, -2.0538, -1.8734
-20.645, -2.5529, -2.3447, -2.144, -1.9504, -1.7636, -1.5832
-16.645, -2.2621, -2.0539, -1.8532, -1.6597, -1.473, -1.2927
-12.645, -1.9712, -1.7629, -1.5622, -1.3687, -1.182, -1.0019
-8.645, -1.6799, -1.4716, -1.2709, -1.0774, -0.89078, -0.71071
-4.645, -1.3885, -1.1801, -0.97931, -0.78579, -0.59918, -0.41916
-0.645, -1.0968, -0.88828, -0.68742, -0.49386, -0.30725, -0.12725
3.355, -0.80481, -0.59619, -0.39524, -0.20161, -0.014972, 0.16502
7.355, -0.51261, -0.30384, -0.10277, 0.090947, 0.27764, 0.45765
11.355, -0.22016, -0.011215, 0.19, 0.38382, 0.57059, 0.75064
15.355, 0.072533, 0.28168, 0.48306, 0.67702, 0.86388, 1.044
19.355, 0.36548, 0.57485, 0.77643, 0.97054, 1.1575, 1.3377
23.355, 0.65866, 0.86829, 1.0701, 1.2644, 1.4515, 1.6318
27.355, 0.9521, 1.162, 1.364, 1.5585, 1.7458, 1.9263
31.355, 1.2458, 1.456, 1.6583, 1.853, 2.0405, 2.2211
35.355, 1.5397, 1.7502, 1.9528, 2.1478, 2.3355, 2.5163
39.355, 1.8339, 2.0448, 2.2477, 2.443, 2.6309, 2.8119
43.355, 2.1284, 2.3396, 2.5429, 2.7384, 2.9266, 3.1078
47.355, 2.423, 2.6347, 2.8383, 3.0342, 3.2227, 3.4042
51.355, 2.718, 2.9301, 3.1341, 3.3304, 3.5192, 3.7009
55.355, 3.0132, 3.2258, 3.4302, 3.6268, 3.816, 3.998
59.355, 3.3087, 3.5217, 3.7266, 3.9236, 4.1132, 4.2955
63.355, 3.6044, 3.818, 4.0233, 4.2208, 4.4107, 4.5934
67.355, 3.9004, 4.1145, 4.3203, 4.5183, 4.7086, 4.8917
71.355, 4.1966, 4.4113, 4.6177, 4.8161, 5.0069, 5.1904
75.355, 4.4932, 4.7084, 4.9154, 5.1143, 5.3056, 5.4895
79.355, 4.79, 5.0059, 5.2134, 5.4128, 5.6046, 5.789
83.355, 5.087, 5.3036, 5.5117, 5.7117, 5.904, 6.0889
ENDTABLE


#EMBEDDED_NOTES
#Twist-beam suspension geometry from reference SuspensionSim model.
#END_EMBEDDED_NOTES

LOG_ENTRY Used Dataset: Suspension: Dive Angle (Caster Change); { Twist-Beam (2D): Generic Suspension } Dive: Twist-Beam - Rear (2D)
#Library : Suspension: Dive Angle (Caster Change)
#DataSet : Dive: Twist-Beam - Rear (2D)
#Category: Twist-Beam (2D): Generic Suspension
#FileID  : Dive_96bdd836-cb53-4f4c-9ee5-df129031bb64
#Product : CarSim 2020.0
#VehCode Dive

END
