PARSFILE
#FullDataName Control: Steering (Open Loop)`Target Steering Wheel Angle vs. Time`Miscellaneous
OPT_DM 0
OPT_STR_BY_TRQ 0
#CheckBox0 0    

#RingCtrl0 LINEAR
#RadioCtrl0 0    

#DiagramOne0
STEER_SW_TABLE LINEAR
0, 0
0.1, -4e-15
0.2, -1.31e-14
0.3, -2.5e-14
0.4, -2.77e-14
0.5, -3.51e-14
0.6, -2.81e-14
0.7, 1.47e-15
0.8, -8.63e-15
0.9, -3.92e-14
1, -5.99e-14
1.1, 0.048044443
1.2, 0.66206497
1.3, 1.902439237
1.4, 3.531637669
1.5, 5.172676086
1.6, 6.55427742
1.7, 7.594940186
1.8, 8.359861374
1.9, 8.965540886
2, 9.499704361
2.1, 9.977986336
2.2, 10.3594265
2.3, 10.59053516
2.4, 10.64307022
2.5, 10.52599049
2.6, 10.26713371
2.7, 9.913469315
2.8, 9.53918457
2.9, 9.207547188
3, 8.935934067
3.1, 8.710998535
3.2, 8.507978439
3.3, 8.307756424
3.4, 8.107830048
3.5, 7.920885563
3.6, 7.764133453
3.7, 7.64605999
3.8, 7.557513237
3.9, 7.469373226
4, 7.336624146
4.1, 7.113388538
4.2, 6.777494431
4.3, 6.347441196
4.4, 5.855288506
4.5, 5.303770542
4.6, 4.561378479
4.7, 3.316168785
4.8, 1.454497218
4.9, 0.078178115
5, -1.072027564
5.1, -1.646685839
5.2, -1.095950961
5.3, -2.759360075
5.4, -5.399513245
5.5, -5.564232349
5.6, 5.406094551
5.7, 14.14107704
5.8, 17.95172501
5.9, 17.1420784
6, 13.28864193
6.1, 8.289661407
6.2, 3.592478514
6.3, 0.098364897
6.4, -1.68153131
6.5, -1.779496551
6.6, -0.69516784
6.7, 1.026858449
6.8, 2.721068621
6.9, 3.850000381
7, 4.327797413
7.1, 4.380287647
7.2, 4.284313202
7.3, 4.211233616
7.4, 4.217877388
7.5, 4.293084145
7.6, 4.398140907
7.7, 4.491392612
7.8, 4.545339108
7.9, 4.549949169
8, 4.532150269
8.1, 4.59467411
8.2, 4.720570087
8.3, 4.842669964
8.4, 0.100619905
8.5, -10.69320965
8.6, -17.40598869
8.7, -19.70570564
8.8, -19.06245804
8.9, -16.84246445
9, -13.79765892
9.1, -10.51089382
9.2, -7.37558794
9.3, -4.599034309
9.4, -2.298908472
9.5, -0.49826321
9.6, 0.851047695
9.7, 1.830241919
9.8, 2.52692008
9.9, 3.020109415
10, -0.449238807
10.1, -7.388665676
10.2, -11.69106197
10.3, -17.54725456
10.4, -43.16804123
10.5, -58.75514221
10.6, -63.90379334
10.7, -75.12232971
10.8, -80.86527252
10.9, -78.70407867
11, -62.92171097
11.1, -39.71474457
11.2, -21.34029198
11.3, -2.995539188
11.4, 30.24226379
11.5, 51.43049622
11.6, 60.87945175
11.7, 69.2168045
11.8, 71.68273926
11.9, 68.40714264
12, 61.32193756
12.1, 52.58496094
12.2, 43.73551178
12.3, 35.60268784
12.4, 28.57407379
12.5, 22.76375389
12.6, 18.11455345
12.7, 14.49433899
12.8, 11.73800278
12.9, 9.673995972
13, 8.14182663
13.1, 7.003080845
13.2, 6.148108959
13.3, 5.497731209
13.4, 5.000653744
13.5, 4.628022194
13.6, 4.36153698
13.7, 4.173157215
13.8, 4.014466286
13.9, 3.862361908
14, 3.729386568
14.1, 3.631816864
14.2, 3.571218729
14.3, 3.539749861
14.4, 3.527401209
14.5, 3.525321007
14.6, 3.528524637
14.7, 3.53516984
14.8, 3.544338226
14.9, 3.556558371
15, 3.573784351
15.1, 3.598599195
15.2, 3.633220434
15.3, 3.679151058
15.4, 3.737309217
15.5, 3.807631016
15.6, 3.888558149
15.7, 3.978676081
15.8, 4.076933861
15.9, 4.184225082
16, 4.308294296
16.1, 4.447833538
16.2, 4.595890999
16.3, 4.737623215
16.4, 4.846129417
16.5, 4.933238506
16.6, 5.078923702
16.7, 5.338488102
16.8, 5.696496487
16.9, 6.05116415
17, 6.304208279
17.1, 6.44502306
17.2, 6.524896622
17.3, 6.58634901
17.4, 6.648910999
17.5, 6.713038921
17.6, 6.775162697
17.7, 6.838178158
17.8, 6.911950588
17.9, 7.006371021
18, 7.112133026
18.1, 7.208463192
18.2, 7.285749435
18.3, 7.348194122
18.4, 7.404448509
18.5, 7.459338665
18.6, 7.511910915
18.7, 7.560360432
18.8, 7.604899883
18.9, 7.64549017
19, 7.687639236
19.1, 7.735977173
19.2, 7.789009571
19.3, 7.84281826
19.4, 7.894962788
19.5, 7.945326805
19.6, 7.99474144
19.7, 8.04389286
19.8, 8.092633247
19.9, 8.139651299
20, 8.183490753
20.1, 8.223655701
20.2, 8.260692596
20.3, 8.295503616
20.4, 8.328722
20.5, 8.360611916
20.6, 8.417157173
20.7, 8.629023552
20.8, 9.34549427
20.9, 10.8069334
21, 11.28219604
21.1, 10.61198139
21.2, 9.48818779
21.3, 8.549060822
21.4, 8.092402458
21.5, 8.065150261
21.6, 8.233064651
21.7, 8.395558357
21.8, 8.461155891
21.9, 8.439858437
22, 8.39969635
22.1, 8.412713051
22.2, 8.516500473
22.3, 8.710242271
22.4, 8.962430954
22.5, 9.223719597
22.6, 9.450791359
22.7, 9.624807358
22.8, 9.752455711
22.9, 9.853302002
23, 9.945088387
23.1, 10.0354557
23.2, 10.12187004
23.3, 10.19730949
23.4, 10.25729656
23.5, 10.30346203
23.6, 10.34088612
23.7, 10.3758316
23.8, 10.41316509
23.9, 10.45501423
24, 10.50094414
24.1, 10.54930687
24.2, 10.59881306
24.3, 10.64917564
24.4, 10.70089436
24.5, 10.75466633
24.6, 10.81087685
24.7, 10.86914253
24.8, 10.92722607
24.9, 10.9827261
25, 11.046525
25.1, 10.94648743
25.2, 10.5435667
25.3, 9.842090607
25.4, 8.948719025
25.5, 8.180686951
25.6, 7.83769989
25.7, 8.087222099
25.8, 8.790210724
25.9, 9.512166023
26, 9.872852325
26.1, 9.821993828
26.2, 9.532589912
26.3, 9.223628044
26.4, 9.057973862
26.5, 9.076210976
26.6, 9.220515251
26.7, 9.396326065
26.8, 9.52263546
26.9, 9.565193176
27, 9.537361145
27.1, 9.4773283
27.2, 9.423094749
27.3, 9.395513535
27.4, 9.395467758
27.5, 9.410945892
27.6, 9.426147461
27.7, 9.430179596
27.8, 9.420532227
27.9, 9.401502609
28, 9.380473137
28.1, 9.363494873
28.2, 9.353110313
28.3, 9.348436356
28.4, 9.346829414
28.5, 9.345487595
28.6, 9.342669487
28.7, 9.338059425
28.8, 9.332557678
28.9, 9.327329636
29, 9.323145866
29.1, 9.320111275
29.2, 9.317840576
29.3, 9.315694809
29.4, 9.313075066
29.5, 9.30981636
29.6, 9.306051254
29.7, 9.302024841
29.8, 9.297905922
29.9, 9.293743134
30, 9.289492607
ENDTABLE


#EMBEDDED_NOTES
#This example steering wheel angle target was created by recording the output of a similar scenario.
#END_EMBEDDED_NOTES

LOG_ENTRY Used Dataset: Control: Steering (Open Loop); { Miscellaneous } Target Steering Wheel Angle vs. Time
#Library : Control: Steering (Open Loop)
#DataSet : Target Steering Wheel Angle vs. Time
#Category: Miscellaneous
#FileID  : StrSW_d89d757e-8f1f-4279-9c93-2880ef14aa02
#Product : CarSim 2020.0
#VehCode Open-Loop Steering

END
