PARSFILE
#FullDataName Powertrain: Engine`125 kW Engine`43 kW - 125 kW Engines
#RingCtrl0 CARPET
#CheckBox0 0    
OPT_THROTTLE_DELAY 0

*3D_XLabel Throttle (-)
*3D_YLabel Engine speed (rpm)
*3D_ZLabel Engine torque (N-m)

#DiagramTwo0
*3D_DATA 10, 22 ! columns x rows
MENGINE_CARPET 2D_LINEAR
0, 0, 0.1, 0.15, 0.2, 0.35, 0.5, 0.7, 0.85, 0.95, 1
0, 0, 0, 0, 0, 0, 0, 0, 0, 0, 0
400, 0, 0, 0, 0, 0, 0, 0, 0, 0, 0
517, 20.63, 63.42, 84.48, 86.19, 87.17, 87.65, 87.82, 87.86, 87.88, 87.86
633, 24.75, 77.39, 116.38, 124.29, 125.56, 126.07, 126.25, 126.27, 126.27, 126.27
750, 0, 72.82, 123.35, 134.46, 137.46, 138.54, 138.94, 138.98, 138.97, 138.96
1107, -8.25, 58.85, 144.66, 165.55, 173.84, 176.68, 177.74, 177.84, 177.81, 177.74
1463, -12.38, 39.26, 139.43, 173.25, 184.29, 189.29, 191.74, 192.31, 192.68, 196.35
1820, -14.03, 21.45, 123.75, 176.33, 194.74, 201.9, 205.74, 206.78, 207.55, 212.85
2177, -16.81, 8.25, 98.04, 169.73, 198, 214.5, 216.98, 219.45, 221.93, 227.4
2533, -21.1, -5.34, 67.75, 151.73, 199.65, 222.5, 228.53, 232.7, 235.13, 239.25
2890, -25.11, -12.63, 47.01, 127.92, 194.27, 224.92, 237.69, 240.9, 245.85, 249.98
3247, -28.65, -18.38, 31.39, 102.07, 186.21, 222.75, 239.25, 245.85, 250.8, 255.75
3603, -32.14, -23.42, 19.57, 80.44, 167.53, 216.15, 240.08, 247.5, 253.28, 258.23
3960, -35.64, -28.09, 9.84, 63.68, 145.29, 207.19, 237.6, 246.68, 252.45, 255.75
4317, -39.34, -32.81, 0.23, 47.88, 125.2, 197.75, 233.48, 241.73, 247.5, 252.4
4673, -43.19, -37.51, -8.31, 34.33, 104.22, 183.59, 226.88, 235.13, 243.38, 247.5
5030, -47.28, -42.14, -15.9, 22.49, 85.54, 165.8, 218.63, 226.88, 235.13, 239.25
5387, -51.39, -46.87, -22.94, 12.04, 69.6, 147.15, 205.7, 213.68, 224.7, 227.07
5743, -55.99, -51.8, -29.76, 2.35, 55.16, 127.73, 184.51, 197.1, 203.01, 205.34
6100, -61.01, -57.01, -36.57, -6.8, 41.98, 108.88, 161.55, 173.27, 178.77, 180.88
6500, -66.83, -66.83, -66.83, -66.83, -66.83, -66.83, -66.83, -66.83, -66.83, -66.83
6700, -67.65, -67.65, -67.65, -67.65, -67.65, -67.65, -67.65, -67.65, -67.65, -67.65
ENDTABLE

#RadioCtrl0 0    
#RadioCtrl1 0    

AV_ENG_IDLE 750
IENG 0.16

LOG_ENTRY Used Dataset: Powertrain: Engine; { 43 kW - 125 kW Engines } 125 kW Engine
#Library : Powertrain: Engine
#DataSet : 125 kW Engine
#Category: 43 kW - 125 kW Engines
#FileID  : Engine_6d2a4e9b-2c00-46b6-9250-b54c51f9c1ea
#Product : CarSim 2020.0
#VehCode 2D Table 

END
