PARSFILE
#FullDataName Powertrain: Engine`150 kW Engine`150 kW Engines
#RingCtrl0 CARPET
#CheckBox0 0    
OPT_THROTTLE_DELAY 0

*3D_XLabel Throttle (-)
*3D_YLabel Engine speed (rpm)
*3D_ZLabel Engine torque (N-m)

#DiagramTwo0
*3D_DATA 10, 22 ! columns x rows
MENGINE_CARPET 2D_LINEAR
0, 0, 0.1, 0.15, 0.2, 0.35, 0.5, 0.7, 0.85, 0.95, 1
0, 0, 0, 0, 0, 0, 0, 0, 0, 0, 0
400, 0, 0, 0, 0, 0, 0, 0, 0, 0, 0
517, 24.75, 76.11, 101.37, 103.43, 104.6, 105.18, 105.38, 105.43, 105.46, 105.43
633, 29.7, 92.87, 139.66, 149.15, 150.67, 151.28, 151.5, 151.52, 151.52, 151.52
750, 0, 87.39, 148.02, 161.35, 164.95, 166.25, 166.73, 166.77, 166.77, 166.75
1107, -9.9, 70.62, 173.59, 198.66, 208.61, 212.02, 213.29, 213.4, 213.37, 213.29
1463, -14.85, 47.12, 167.31, 207.9, 221.15, 227.15, 230.09, 230.77, 231.22, 235.62
1820, -16.83, 25.74, 148.5, 211.6, 233.68, 242.29, 246.89, 248.14, 249.06, 255.42
2177, -20.17, 9.9, 117.65, 203.67, 237.6, 257.4, 260.37, 263.34, 266.31, 272.88
2533, -25.32, -6.41, 81.3, 182.08, 239.58, 267, 274.23, 279.24, 282.15, 287.1
2890, -30.14, -15.16, 56.41, 153.5, 233.12, 269.9, 285.22, 289.08, 295.02, 299.97
3247, -34.39, -22.06, 37.66, 122.49, 223.45, 267.3, 287.1, 295.02, 300.96, 306.9
3603, -38.57, -28.1, 23.48, 96.53, 201.04, 259.38, 288.09, 297, 303.93, 309.87
3960, -42.77, -33.71, 11.8, 76.42, 174.35, 248.62, 285.12, 296.01, 302.94, 306.9
4317, -47.21, -39.38, 0.28, 57.45, 150.24, 237.3, 280.17, 290.07, 297, 302.88
4673, -51.83, -45.01, -9.97, 41.19, 125.06, 220.31, 272.25, 282.15, 292.05, 297
5030, -56.74, -50.57, -19.08, 26.99, 102.65, 198.96, 262.35, 272.25, 282.15, 287.1
5387, -61.67, -56.24, -27.53, 14.45, 83.52, 176.58, 246.84, 256.41, 269.64, 272.49
5743, -67.19, -62.17, -35.72, 2.82, 66.2, 153.28, 221.41, 236.52, 243.61, 246.41
6100, -73.21, -68.41, -43.88, -8.16, 50.38, 130.66, 193.86, 207.92, 214.52, 217.05
6500, -80.19, -80.19, -80.19, -80.19, -80.19, -80.19, -80.19, -80.19, -80.19, -80.19
6700, -81.18, -81.18, -81.18, -81.18, -81.18, -81.18, -81.18, -81.18, -81.18, -81.18
ENDTABLE

#RadioCtrl0 0    
#RadioCtrl1 0    

PARSFILE Powertrain\Fuel_Rate\FuelRate_a32b7233-c00b-43fa-b605-4c55b974550c.par
#BlueLink0 Powertrain: Fuel Consumption Rate`150 kW Gasoline Engine` ` , Fuel Rate`FuelRate_a32b7233-c00b-43fa-b605-4c55b974550c

AV_ENG_IDLE 750
IENG 0.2

LOG_ENTRY Used Dataset: Powertrain: Engine; { 150 kW Engines } 150 kW Engine
#Library : Powertrain: Engine
#DataSet : 150 kW Engine
#Category: 150 kW Engines
#FileID  : Engine_5fd8cccf-3f87-4967-bf2c-05672393be86
#Product : CarSim 2020.0
#VehCode 2D Table 

END
