PARSFILE
#FullDataName Powertrain: Engine`75 kW  Engine`43 kW - 125 kW Engines
#RingCtrl0 CARPET
#CheckBox0 0    
OPT_THROTTLE_DELAY 0

*3D_XLabel Throttle (-)
*3D_YLabel Engine speed (rpm)
*3D_ZLabel Engine torque (N-m)

#DiagramTwo0
*3D_DATA 10, 22 ! columns x rows
MENGINE_CARPET 2D_LINEAR
0, 0, 0.1, 0.15, 0.2, 0.35, 0.5, 0.7, 0.85, 0.95, 1
0, 0, 0, 0, 0, 0, 0, 0, 0, 0, 0
400, 0, 0, 0, 0, 0, 0, 0, 0, 0, 0
517, 12.38, 38.05, 50.69, 51.72, 52.3, 52.59, 52.69, 52.71, 52.73, 52.71
633, 14.85, 46.44, 69.83, 74.57, 75.33, 75.64, 75.75, 75.76, 75.76, 75.76
750, 0, 43.69, 74.01, 80.68, 82.47, 83.13, 83.37, 83.39, 83.38, 83.37
1107, -4.95, 35.31, 86.8, 99.33, 104.31, 106.01, 106.64, 106.7, 106.69, 106.64
1463, -7.43, 23.56, 83.66, 103.95, 110.57, 113.58, 115.04, 115.39, 115.61, 117.81
1820, -8.42, 12.87, 74.25, 105.8, 116.84, 121.14, 123.44, 124.07, 124.53, 127.71
2177, -10.08, 4.95, 58.82, 101.84, 118.8, 128.7, 130.19, 131.67, 133.16, 136.44
2533, -12.66, -3.2, 40.65, 91.04, 119.79, 133.5, 137.12, 139.62, 141.08, 143.55
2890, -15.07, -7.58, 28.2, 76.75, 116.56, 134.95, 142.61, 144.54, 147.51, 149.99
3247, -17.19, -11.03, 18.83, 61.24, 111.72, 133.65, 143.55, 147.51, 150.48, 153.45
3603, -19.28, -14.05, 11.74, 48.27, 100.52, 129.69, 144.05, 148.5, 151.97, 154.94
3960, -21.38, -16.86, 5.9, 38.21, 87.18, 124.31, 142.56, 148.01, 151.47, 153.45
4317, -23.6, -19.69, 0.14, 28.73, 75.12, 118.65, 140.09, 145.04, 148.5, 151.44
4673, -25.91, -22.51, -4.98, 20.6, 62.53, 110.16, 136.13, 141.08, 146.03, 148.5
5030, -28.37, -25.29, -9.54, 13.5, 51.33, 99.48, 131.18, 136.13, 141.08, 143.55
5387, -30.84, -28.12, -13.77, 7.22, 41.76, 88.29, 123.42, 128.21, 134.82, 136.24
5743, -33.6, -31.08, -17.86, 1.41, 33.1, 76.64, 110.71, 118.26, 121.8, 123.21
6100, -36.6, -34.2, -21.94, -4.08, 25.19, 65.33, 96.93, 103.96, 107.26, 108.53
6500, -40.1, -40.1, -40.1, -40.1, -40.1, -40.1, -40.1, -40.1, -40.1, -40.1
6700, -40.59, -40.59, -40.59, -40.59, -40.59, -40.59, -40.59, -40.59, -40.59, -40.59
ENDTABLE

#RadioCtrl0 0    
#RadioCtrl1 0    

AV_ENG_IDLE 750
IENG 0.16

LOG_ENTRY Used Dataset: Powertrain: Engine; { 43 kW - 125 kW Engines } 75 kW  Engine
#Library : Powertrain: Engine
#DataSet : 75 kW  Engine
#Category: 43 kW - 125 kW Engines
#FileID  : Engine_cd75601b-35fc-46c0-b963-a8ff77b04782
#Product : CarSim 2020.0
#VehCode 2D Table 

END
