PARSFILE
#FullDataName Path: X-Y Coordinates`Mcity Path Northern Curve`Mcity
#RingCtrl0 2
SET_IPATH_FOR_ID 1825
SET_ITAB_XY_FOR_ID 1825
SET_DESCRIPTION PATH_ID Mcity Path Northern Curve
SET_DESCRIPTION XY_TABLE_ID Mcity Path Northern Curve
IPATHSEG = 1
PATH_ID_DM = PATH_ID
SEGMENT_TYPE = 1
XY_SEGMENT_ID = XY_TABLE_ID

#CheckBox0 0    
OPT_PATH_LOOP 0
#CheckBox1 0    
#CheckBox2 0    
#CheckBox4 0    

#RadioCtrl0 0    

SPATH_START 0
#DiagramOne0
SEGMENT_XY_TABLE
59.2243, 168.5829, 0.0000
56.5272, 171.8649, 4.2480
53.1444, 175.1487, 8.9626
51.1478, 176.6675, 11.4712
49.1001, 178.1382, 13.9923
46.7376, 179.4561, 16.6975
44.6509, 180.5133, 19.0368
41.9269, 181.5625, 21.9558
39.0995, 182.4506, 24.9194
36.2915, 183.2002, 27.8258
33.2817, 183.8801, 30.9114
31.2971, 184.2953, 32.9390
29.0165, 184.7725, 35.2690
26.5329, 185.2046, 37.7899
24.3800, 185.5792, 39.9751
22.9917, 185.7778, 41.3775
21.8718, 185.9361, 42.5086
20.7381, 186.0710, 43.6503
19.3172, 186.2420, 45.0814
17.3219, 186.4851, 47.0915
15.0343, 186.7669, 49.3964
12.7363, 187.0538, 51.7122
10.5010, 187.3316, 53.9647
8.4015, 187.5858, 56.0795
6.5106, 187.8023, 57.9828
4.9016, 187.9667, 59.6002
3.4334, 188.1051, 61.0749
1.0665, 188.1804, 63.4430
-1.2887, 188.0613, 65.8012
-3.6214, 187.7419, 68.1557
-5.9208, 187.2167, 70.5143
-8.1671, 186.4896, 72.8753
-10.3405, 185.5648, 75.2373
-12.4211, 184.4478, 77.5988
-14.3891, 183.1441, 79.9594
-16.2094, 181.6887, 82.2900
-17.8464, 180.1167, 84.5596
-19.3554, 178.3890, 86.8535
-20.7913, 176.4664, 89.2531
-22.0834, 174.4010, 91.6894
-23.1611, 172.2452, 94.0996
-24.0226, 170.0307, 96.4757
-24.6661, 167.7892, 98.8078
-25.1140, 165.5296, 101.1113
-25.3887, 163.2607, 103.3968
-25.6123, 160.9877, 105.6808
-25.5767, 158.7522, 107.9166
-25.5755, 156.4464, 110.2224
-25.5707, 154.1689, 112.4999
-25.5618, 151.8691, 114.7997
-25.5486, 149.5635, 117.1053
-25.4627, 147.1025, 119.5678
-25.1683, 143.8641, 122.8196
-24.6509, 140.5720, 126.1521
-23.7964, 136.7813, 130.0379
-22.8697, 133.4913, 133.4559
-20.8435, 127.2725, 139.9965
-19.0416, 122.2653, 145.3180
-17.9342, 119.6027, 148.2017
-16.6218, 116.7524, 151.3397
-14.7513, 113.2825, 155.2816
-12.4717, 109.5612, 159.6456
-10.0444, 106.0087, 163.9482
-7.8102, 102.8833, 167.7900
-6.1104, 100.4436, 170.7635
-4.8050, 98.2992, 173.2740
-3.7542, 96.0598, 175.7477
-2.9498, 93.7382, 178.2047
-2.3835, 91.3469, 180.6621
-2.0533, 88.9235, 183.1079
-1.9568, 86.5053, 185.5280
-2.0486, 84.1396, 187.8955
-2.2832, 81.8739, 190.1733
-2.7022, 79.6834, 192.4035
-3.3469, 77.5434, 194.6385
-4.2044, 75.4382, 196.9117
-5.2614, 73.3522, 199.2502
-6.4592, 71.3790, 201.5585
-7.7389, 69.6120, 203.7402
-9.0909, 68.0272, 205.8234
-10.5054, 66.6001, 207.8327
-12.0191, 65.3445, 209.7994
-13.6686, 64.2741, 211.7657
-15.3862, 63.2963, 213.7422
-16.9505, 62.5297, 215.4842
-17.6188, 62.1790, 216.2389
-18.3547, 61.7758, 217.0781
-19.0163, 61.4762, 217.8043
-19.6281, 61.2027, 218.4745
-20.2637, 60.9010, 219.1781
-20.9684, 60.6019, 219.9436
ENDTABLE

LOG_ENTRY Used Dataset: Path: X-Y Coordinates; { Mcity } Mcity Path Northern Curve
#Library : Path: X-Y Coordinates
#DataSet : Mcity Path Northern Curve
#Category: Mcity
#FileID  : PathXY_0b9b7be1-467f-43b5-bc9d-5c4d80ad49cf
#Product : CarSim 2020.0
#VehCode X-Y Coordinates of Path

END
