PARSFILE
#FullDataName Suspension: Ride Rate (Spring + Tire)`50.7 N/mm, Bmp. 8200 N, Strk. 150 mm`
#CheckBox0 0    
#DiagramOne0
FS_COMP_TABLE
-59.9004347826, -592.266
-58.472173913, 229.234
-54.5743478261, 482.734
-50.6765217391, 736.234
-46.7786956522, 989.734
-42.8808695652, 1243.234
-38.9830434783, 1496.734
-35.0852173913, 1750.234
-31.1873913043, 2003.734
-27.2895652174, 2257.234
-23.3917391304, 2510.734
-19.4939130435, 2764.234
-15.5960869565, 3017.734
-11.6982608696, 3271.234
-7.80043478261, 3524.734
-3.90260869565, 3778.234
-0.00478260869565, 4031.734
3.89304347826, 4285.234
7.79086956522, 4538.734
11.6886956522, 4792.234
15.5865217391, 5045.734
19.4843478261, 5299.234
23.382173913, 5552.734
27.28, 5806.234
31.177826087, 6059.734
35.0756521739, 6313.234
38.9734782609, 6566.734
42.8713043478, 6820.234
46.7691304348, 7073.734
50.6669565217, 7327.234
54.5647826087, 7580.734
58.4626086957, 7834.234
60.0995652174, 8607.734
ENDTABLE
#DiagramOne1
FS_EXT_TABLE
-59.7265217391, -632.266
-58.2982608696, 189.234
-54.4004347826, 442.734
-50.5026086957, 696.234
-46.6047826087, 949.734
-42.7069565217, 1203.234
-38.8091304348, 1456.734
-34.9113043478, 1710.234
-31.0134782609, 1963.734
-27.1156521739, 2217.234
-23.217826087, 2470.734
-19.32, 2724.234
-15.422173913, 2977.734
-11.5243478261, 3231.234
-7.62652173913, 3484.734
-3.72869565217, 3738.234
0.169130434783, 3991.734
4.06695652174, 4245.234
7.9647826087, 4498.734
11.8626086957, 4752.234
15.7604347826, 5005.734
19.6582608696, 5259.234
23.5560869565, 5512.734
27.4539130435, 5766.234
31.3517391304, 6019.734
35.2495652174, 6273.234
39.1473913043, 6526.734
43.0452173913, 6780.234
46.9430434783, 7033.734
50.8408695652, 7287.234
54.7386956522, 7540.734
58.6365217391, 7794.234
60.2734782609, 8567.734
ENDTABLE
#DiagramOne2
RIDE_COMP_TABLE
-60.77, -200
-55.77, 621.5
-50.77, 875
-45.77, 1128.5
-40.77, 1382
-35.77, 1635.5
-30.77, 1889
-25.77, 2142.5
-20.77, 2396
-15.77, 2649.5
-10.77, 2903
-5.77, 3156.5
-0.77, 3410
4.23, 3663.5
9.23, 3917
14.23, 4170.5
19.23, 4424
24.23, 4677.5
29.23, 4931
34.23, 5184.5
39.23, 5438
44.23, 5691.5
49.23, 5945
54.23, 6198.5
59.23, 6452
64.23, 6705.5
69.23, 6959
74.23, 7212.5
79.23, 7466
84.23, 7719.5
89.23, 7973
94.23, 8226.5
99.23, 9000
ENDTABLE
#DiagramOne3
RIDE_EXT_TABLE
-60.77, -240
-55.77, 581.5
-50.77, 835
-45.77, 1088.5
-40.77, 1342
-35.77, 1595.5
-30.77, 1849
-25.77, 2102.5
-20.77, 2356
-15.77, 2609.5
-10.77, 2863
-5.77, 3116.5
-0.77, 3370
4.23, 3623.5
9.23, 3877
14.23, 4130.5
19.23, 4384
24.23, 4637.5
29.23, 4891
34.23, 5144.5
39.23, 5398
44.23, 5651.5
49.23, 5905
54.23, 6158.5
59.23, 6412
64.23, 6665.5
69.23, 6919
74.23, 7172.5
79.23, 7426
84.23, 7679.5
89.23, 7933
94.23, 8186.5
99.23, 8960
ENDTABLE
SPRING_COMP_BETA 2
SPRING_EXT_BETA 2
*KT 230
*MUS 80

#RadioCtrl0 0    


LOG_ENTRY Used Dataset: Suspension: Ride Rate (Spring + Tire); 50.7 N/mm, Bmp. 8200 N, Strk. 150 mm
#Library : Suspension: Ride Rate (Spring + Tire)
#DataSet : 50.7 N/mm, Bmp. 8200 N, Strk. 150 mm
#Category: 
#FileID  : SprRide_b82afbe7-8001-4d76-be4b-849ce5567734
#Product : CarSim 2020.0
#VehCode Ride Measurement

END
