PARSFILE
#FullDataName Control: Speed (Closed Loop) Using Target Speed`EPA HWY Cycle`EPA Cycles
SET_ISPEED_FOR_ID 0
set_description SPEED_TARGET_ID EPA HWY Cycle
#CheckBox2 0    
#CheckBox3 1    
*SCALAR2 0
#RingCtrl0 LINEAR_FLAT
#RingCtrl1 CONSTANT
#RingCtrl2 ADD
SPEED_TARGET_COMBINE ADD
#RingCtrl3 1
#RadioCtrl0 0    
#RadioCtrl1 0    

INSTALL_SPEED_CONTROLLER
OPT_SC 1
SPEED_ID_SC SPEED_TARGET_ID
#CheckBox0 1    
OPT_BK_SC 1
#CheckBox1 0    
OPT_SC_ENGINE_BRAKING 0
#CheckBox4 0    
OPT_SC_2018 0
SPEED_KI 0
SPEED_KP 0.1
VLOW_STOP -1
BK_PERF_SC 0.1
FPD_PERF_SC 0.1
PBK_CON_MAX_SC 0.1
SPEED_KP3 0.05
#DiagramOne0
SPEED_TARGET_TABLE LINEAR_FLAT
0, 0
1, 0
2, 0
3, 3.2
4, 7.84
5, 12.96
6, 18.08
7, 23.2
8, 27.68
9, 31.36
10, 34.88
11, 38.4
12, 41.28
13, 43.36
14, 44.8
15, 46.4
16, 48
17, 49.12
18, 50.4
19, 51.52
20, 52.64
21, 53.6
22, 54.56
23, 55.36
24, 55.84
25, 56.16
26, 57.12
27, 57.44
28, 57.28
29, 56.48
30, 55.84
31, 55.2
32, 55.36
33, 55.68
34, 56.16
35, 57.12
36, 57.76
37, 57.92
38, 58.4
39, 58.72
40, 59.04
41, 59.2
42, 59.2
43, 59.2
44, 59.2
45, 59.2
46, 59.2
47, 59.36
48, 59.68
49, 60.48
50, 61.76
51, 62.88
52, 64
53, 65.12
54, 66.24
55, 67.52
56, 68.64
57, 69.6
58, 70.4
59, 70.88
60, 71.2
61, 71.68
62, 71.84
63, 72
64, 72.16
65, 72.64
66, 73.12
67, 73.6
68, 74.08
69, 74.4
70, 74.88
71, 75.04
72, 75.2
73, 75.36
74, 75.52
75, 75.68
76, 75.52
77, 75.36
78, 75.2
79, 75.04
80, 75.04
81, 75.04
82, 75.2
83, 75.36
84, 75.36
85, 75.52
86, 75.36
87, 75.2
88, 75.04
89, 74.4
90, 74.08
91, 73.92
92, 74.08
93, 74.4
94, 75.04
95, 75.36
96, 75.84
97, 76.32
98, 76.8
99, 77.12
100, 77.6
101, 78.08
102, 78.56
103, 78.72
104, 78.56
105, 78.56
106, 78.4
107, 78.4
108, 78.56
109, 78.72
110, 78.88
111, 79.04
112, 79.2
113, 79.2
114, 79.2
115, 79.04
116, 78.56
117, 78.24
118, 77.76
119, 77.44
120, 76.96
121, 76.32
122, 75.84
123, 75.68
124, 76
125, 76.48
126, 76.64
127, 76.8
128, 76.64
129, 76.64
130, 76.64
131, 76.8
132, 76.8
133, 76.8
134, 76.64
135, 75.68
136, 73.6
137, 69.28
138, 65.92
139, 63.2
140, 62.72
141, 62.4
142, 62.4
143, 62.56
144, 63.2
145, 64.16
146, 65.6
147, 67.2
148, 68.96
149, 69.92
150, 70.56
151, 70.88
152, 71.04
153, 71.36
154, 71.52
155, 71.84
156, 72.32
157, 73.12
158, 73.44
159, 74.08
160, 74.88
161, 75.04
162, 75.2
163, 75.36
164, 76.16
165, 76.64
166, 76.8
167, 76.8
168, 76.64
169, 76.48
170, 75.68
171, 74.72
172, 73.92
173, 73.44
174, 73.12
175, 72.8
176, 72.64
177, 72.48
178, 72
179, 70.4
180, 68.96
181, 67.52
182, 66.4
183, 66.4
184, 67.36
185, 68.64
186, 69.6
187, 70.24
188, 69.76
189, 69.28
190, 68.8
191, 68.96
192, 69.44
193, 70.24
194, 70.88
195, 71.36
196, 71.84
197, 71.68
198, 71.04
199, 70.24
200, 69.44
201, 69.12
202, 69.12
203, 68.96
204, 68.8
205, 68.8
206, 68.96
207, 69.44
208, 70.24
209, 70.4
210, 69.6
211, 68.16
212, 66.4
213, 65.12
214, 64
215, 64
216, 64.48
217, 65.6
218, 67.2
219, 68.32
220, 68.96
221, 69.12
222, 69.44
223, 70.24
224, 70.88
225, 71.52
226, 72.16
227, 72.64
228, 73.28
229, 74.4
230, 75.04
231, 75.52
232, 75.84
233, 75.68
234, 75.68
235, 75.52
236, 75.52
237, 75.52
238, 75.36
239, 75.2
240, 75.2
241, 75.04
242, 74.88
243, 75.04
244, 75.2
245, 75.52
246, 76
247, 76.64
248, 76.8
249, 76.8
250, 76.8
251, 76.8
252, 76.8
253, 76.96
254, 77.12
255, 77.12
256, 76.96
257, 77.76
258, 78.24
259, 78.56
260, 78.56
261, 78.56
262, 78.56
263, 78.56
264, 78.4
265, 78.24
266, 77.12
267, 76.32
268, 76
269, 75.52
270, 74.72
271, 73.92
272, 73.6
273, 73.28
274, 72.96
275, 72.64
276, 72.32
277, 72
278, 71.52
279, 71.2
280, 70.72
281, 69.6
282, 68.48
283, 67.2
284, 64.16
285, 61.76
286, 60
287, 57.28
288, 55.52
289, 54.4
290, 53.28
291, 52
292, 50.72
293, 48.96
294, 47.36
295, 46.08
296, 45.44
297, 45.76
298, 47.2
299, 50.24
300, 53.44
301, 56.96
302, 60
303, 62.56
304, 64.32
305, 65.76
306, 66.88
307, 67.84
308, 68.48
309, 69.28
310, 70.08
311, 70.88
312, 71.52
313, 72
314, 72.32
315, 72.64
316, 72.8
317, 73.28
318, 73.6
319, 73.76
320, 74.4
321, 74.88
322, 75.36
323, 76.32
324, 77.28
325, 78.4
326, 79.52
327, 80.48
328, 81.6
329, 82.72
330, 83.84
331, 84.96
332, 86.08
333, 87.2
334, 88.32
335, 89.28
336, 90.24
337, 91.04
338, 91.2
339, 91.36
340, 91.68
341, 92.16
342, 92.48
343, 92.8
344, 92.96
345, 93.44
346, 93.92
347, 94.08
348, 94.24
349, 94.4
350, 94.4
351, 94.24
352, 94.08
353, 93.76
354, 93.44
355, 93.12
356, 92.96
357, 92.8
358, 92.64
359, 92.16
360, 91.84
361, 91.52
362, 91.36
363, 91.2
364, 91.2
365, 91.04
366, 91.04
367, 91.04
368, 91.2
369, 91.2
370, 91.2
371, 91.2
372, 91.2
373, 91.2
374, 91.2
375, 91.2
376, 91.2
377, 91.04
378, 90.88
379, 90.4
380, 89.92
381, 89.6
382, 89.6
383, 89.6
384, 89.76
385, 90.24
386, 90.72
387, 91.04
388, 91.36
389, 91.68
390, 91.84
391, 91.84
392, 91.52
393, 91.2
394, 91.04
395, 90.56
396, 90.08
397, 89.76
398, 90.24
399, 90.72
400, 91.36
401, 92
402, 92.48
403, 92.8
404, 92.8
405, 92.8
406, 92.8
407, 92.8
408, 92.8
409, 92.64
410, 92.48
411, 92.32
412, 92.32
413, 92.48
414, 92.64
415, 92.8
416, 92.96
417, 93.44
418, 94.24
419, 94.56
420, 95.04
421, 95.68
422, 95.84
423, 95.84
424, 95.68
425, 95.36
426, 95.04
427, 94.72
428, 94.56
429, 94.4
430, 94.24
431, 93.92
432, 93.76
433, 93.6
434, 93.44
435, 93.44
436, 93.28
437, 93.12
438, 92.96
439, 92.8
440, 92.64
441, 92.64
442, 92.64
443, 92.64
444, 92.64
445, 92.8
446, 92.96
447, 92.96
448, 93.12
449, 93.12
450, 93.12
451, 92.96
452, 92.8
453, 92.8
454, 92.8
455, 92.8
456, 92.8
457, 92.8
458, 92.64
459, 92.64
460, 92.8
461, 92.96
462, 92.96
463, 93.12
464, 93.28
465, 93.28
466, 93.28
467, 93.12
468, 92.96
469, 92.8
470, 92.48
471, 92
472, 91.36
473, 91.2
474, 90.56
475, 89.76
476, 89.6
477, 89.28
478, 88.8
479, 88.32
480, 88.16
481, 88
482, 87.84
483, 87.84
484, 87.84
485, 87.84
486, 87.84
487, 87.84
488, 88
489, 88
490, 88
491, 88
492, 88
493, 88
494, 88.16
495, 88.16
496, 88
497, 87.84
498, 87.84
499, 87.68
500, 87.52
501, 87.36
502, 87.04
503, 86.88
504, 86.88
505, 86.72
506, 86.56
507, 86.56
508, 86.56
509, 86.4
510, 86.4
511, 86.4
512, 86.4
513, 86.4
514, 86.4
515, 86.4
516, 86.4
517, 86.56
518, 86.72
519, 87.2
520, 87.68
521, 87.84
522, 88
523, 88.16
524, 88.32
525, 88.32
526, 88.48
527, 88.64
528, 88.8
529, 88.96
530, 89.12
531, 89.28
532, 89.44
533, 89.6
534, 89.6
535, 89.6
536, 89.6
537, 89.6
538, 89.6
539, 89.6
540, 89.6
541, 89.6
542, 89.6
543, 89.6
544, 89.6
545, 89.6
546, 89.6
547, 89.44
548, 89.44
549, 89.44
550, 89.28
551, 88.96
552, 88.64
553, 88.32
554, 88.16
555, 88
556, 87.84
557, 87.36
558, 87.04
559, 86.72
560, 86.56
561, 86.08
562, 85.44
563, 85.28
564, 84.96
565, 84.64
566, 84.16
567, 83.84
568, 83.52
569, 83.36
570, 83.2
571, 83.2
572, 83.2
573, 83.2
574, 83.36
575, 83.2
576, 83.2
577, 83.04
578, 82.56
579, 82.24
580, 81.76
581, 81.12
582, 80.48
583, 79.68
584, 78.88
585, 77.92
586, 77.12
587, 76.96
588, 76.8
589, 76.8
590, 76.96
591, 77.44
592, 78.24
593, 78.4
594, 78.56
595, 78.56
596, 78.4
597, 78.4
598, 78.24
599, 77.76
600, 77.28
601, 76.8
602, 76.64
603, 76.48
604, 76.32
605, 76.64
606, 77.28
607, 78.4
608, 78.56
609, 78.4
610, 78.24
611, 76.8
612, 75.36
613, 73.92
614, 73.76
615, 73.76
616, 73.92
617, 75.04
618, 76.48
619, 78.4
620, 79.52
621, 80.96
622, 82.4
623, 83.52
624, 84.32
625, 84.8
626, 85.76
627, 86.4
628, 86.56
629, 87.04
630, 87.52
631, 88.16
632, 88.64
633, 88.64
634, 88
635, 87.2
636, 85.76
637, 84
638, 80.32
639, 77.12
640, 74.4
641, 73.92
642, 73.6
643, 73.6
644, 74.08
645, 74.88
646, 76
647, 77.12
648, 78.08
649, 79.2
650, 80.32
651, 81.12
652, 81.76
653, 82.72
654, 83.52
655, 84
656, 83.36
657, 82.56
658, 81.76
659, 81.6
660, 81.6
661, 81.76
662, 82.24
663, 82.72
664, 83.2
665, 83.52
666, 84
667, 84.48
668, 84.32
669, 84.16
670, 83.68
671, 83.68
672, 83.84
673, 84
674, 84.32
675, 84.32
676, 83.84
677, 83.36
678, 82.72
679, 81.76
680, 80.8
681, 80.16
682, 79.68
683, 79.52
684, 79.36
685, 79.2
686, 79.2
687, 79.52
688, 80
689, 80.32
690, 80.96
691, 81.76
692, 82.56
693, 83.04
694, 83.2
695, 83.36
696, 83.84
697, 84.64
698, 85.28
699, 85.92
700, 86.72
701, 87.2
702, 87.68
703, 88
704, 88.8
705, 89.44
706, 89.76
707, 90.08
708, 90.24
709, 90.4
710, 90.72
711, 91.04
712, 91.2
713, 91.68
714, 92.32
715, 93.12
716, 94.08
717, 94.56
718, 94.72
719, 94.56
720, 94.08
721, 93.6
722, 92.96
723, 92.32
724, 91.68
725, 91.36
726, 90.88
727, 90.4
728, 89.92
729, 88.8
730, 87.36
731, 86.56
732, 85.92
733, 85.12
734, 84.64
735, 84
736, 83.2
737, 82.08
738, 80.8
739, 79.2
740, 77.6
741, 76.16
742, 74.88
743, 72.96
744, 70.72
745, 68
746, 62.72
747, 57.44
748, 52.16
749, 46.88
750, 42.88
751, 39.2
752, 34.4
753, 31.2
754, 27.84
755, 24.16
756, 19.84
757, 15.52
758, 11.2
759, 8
760, 5.28
761, 3.2
762, 1.12
763, 0
764, 0
765, 0
ENDTABLE
SPEED_TARGET_S_CONSTANT 0

#EMBEDDED_NOTES
#This data profiles EPA highway fuel economy testing cycle.
#END_EMBEDDED_NOTES

LOG_ENTRY Used Dataset: Control: Speed (Closed Loop) Using Target Speed; { EPA Cycles } EPA HWY Cycle
#Library : Control: Speed (Closed Loop) Using Target Speed
#DataSet : EPA HWY Cycle
#Category: EPA Cycles
#FileID  : SpdTime_0bd2bc94-40a0-4698-a2ff-9923f852bbde
#Product : CarSim 2020.0
#VehCode Target Speed

END
