PARSFILE
#FullDataName Suspension: Longitudinal Movement`Longitudinal: Twist-Beam - Rear (2D)`Twist-Beam (2D): Generic Suspension
#CheckBox0 0    

#RingCtrl0 2D_SPLINE

*3D_XLabel jounce other side (mm)
*3D_YLabel Suspension cmp. (jounce) (mm)
*3D_ZLabel Forward X movement (mm)

#DiagramTwo0
*3D_DATA 6, 45 ! columns x rows
SUSP_X_CARPET 2D_SPLINE
0, -90, -60, -30, 0, 30, 60
-92.645, 12.948, 12.7378, 12.4672, 12.1393, 11.7569, 11.3227
-88.645, 12.2871, 12.0988, 11.8497, 11.5426, 11.1804, 10.7657
-84.645, 11.6443, 11.4781, 11.2504, 10.964, 10.622, 10.227
-80.645, 11.0199, 10.8757, 10.6693, 10.4037, 10.0819, 9.70645
-76.645, 10.4138, 10.2915, 10.1065, 9.86162, 9.5599, 9.20408
-72.645, 9.82592, 9.72551, 9.56176, 9.33766, 9.0561, 8.71986
-68.645, 9.25624, 9.17769, 9.03524, 8.83186, 8.57045, 8.25377
-64.645, 8.70476, 8.64807, 8.5269, 8.34422, 8.10295, 7.80584
-60.645, 8.17146, 8.13659, 8.03668, 7.8747, 7.65356, 7.37602
-56.645, 7.65631, 7.64325, 7.56458, 7.42328, 7.22226, 6.9643
-52.645, 7.15929, 7.168, 7.11057, 6.98996, 6.80906, 6.57067
-48.645, 6.68038, 6.71087, 6.67466, 6.57472, 6.41394, 6.19513
-44.645, 6.21958, 6.27181, 6.25682, 6.17755, 6.03689, 5.83766
-40.645, 5.77685, 5.85083, 5.85704, 5.79844, 5.67791, 5.49827
-36.645, 5.3522, 5.44792, 5.47533, 5.43739, 5.337, 5.17696
-32.645, 4.94563, 5.06306, 5.11167, 5.09441, 5.01415, 4.87371
-28.645, 4.55712, 4.69626, 4.76607, 4.76947, 4.70936, 4.58855
-24.645, 4.18665, 4.34751, 4.43851, 4.46259, 4.42264, 4.32146
-20.645, 3.83424, 4.0168, 4.129, 4.17377, 4.15399, 4.07246
-16.645, 3.49987, 3.70414, 3.83754, 3.903, 3.90341, 3.84154
-12.645, 3.18356, 3.40952, 3.56414, 3.65031, 3.67091, 3.62875
-8.645, 2.88529, 3.13295, 3.30879, 3.41568, 3.45649, 3.43405
-4.645, 2.60506, 2.87445, 3.07151, 3.19913, 3.26019, 3.25748
-0.645, 2.34289, 2.634, 2.8523, 3.00068, 3.08199, 3.09904
3.355, 2.09878, 2.41161, 2.65117, 2.82032, 2.92192, 2.95878
7.355, 1.87273, 2.20731, 2.46814, 2.65809, 2.77999, 2.83667
11.355, 1.66477, 2.02109, 2.30322, 2.51398, 2.65622, 2.73277
15.355, 1.47489, 1.85298, 2.15643, 2.38803, 2.55065, 2.64709
19.355, 1.30313, 1.70302, 2.02779, 2.28028, 2.4633, 2.57967
23.355, 1.14948, 1.57119, 1.91733, 2.19072, 2.39419, 2.53053
27.355, 1.01398, 1.45751, 1.82505, 2.11937, 2.34332, 2.49968
31.355, 0.896616, 1.36202, 1.75098, 2.06628, 2.31075, 2.48716
35.355, 0.797423, 1.28471, 1.69513, 2.03146, 2.29648, 2.493
39.355, 0.71645, 1.22566, 1.65759, 2.01496, 2.3006, 2.51728
43.355, 0.65371, 1.18488, 1.63834, 2.01683, 2.32312, 2.56001
47.355, 0.609214, 1.16238, 1.63742, 2.03705, 2.36406, 2.62121
51.355, 0.582985, 1.15819, 1.65485, 2.07568, 2.42346, 2.70094
55.355, 0.575091, 1.17238, 1.69071, 2.1328, 2.5014, 2.79927
59.355, 0.585554, 1.20496, 1.74502, 2.20842, 2.59791, 2.91623
63.355, 0.614382, 1.25597, 1.81781, 2.30258, 2.71301, 3.05185
67.355, 0.661634, 1.32545, 1.90913, 2.41534, 2.84678, 3.20622
71.355, 0.727376, 1.41348, 2.01906, 2.54676, 2.9993, 3.37941
75.355, 0.811599, 1.52005, 2.1476, 2.69687, 3.17057, 3.57142
79.355, 0.914383, 1.64524, 2.29483, 2.86575, 3.36069, 3.78236
83.355, 1.03578, 1.78912, 2.46082, 3.05346, 3.56972, 4.01231
ENDTABLE

#RadioCtrl0 0    
#RadioCtrl1 0    


FLAG_X_2D_TABLE 1

*3D_XLabel jounce other side (mm)
*3D_YLabel Suspension cmp. (jounce) (mm)
*3D_ZLabel Forward X movement (mm)

#DiagramTwo0
*3D_DATA 6, 45 ! columns x rows
SUSP_X_AXLE_CARPET 2D_SPLINE
0, -90, -60, -30, 0, 30, 60
-92.645, 12.948, 12.7378, 12.4672, 12.1393, 11.7569, 11.3227
-88.645, 12.2871, 12.0988, 11.8497, 11.5426, 11.1804, 10.7657
-84.645, 11.6443, 11.4781, 11.2504, 10.964, 10.622, 10.227
-80.645, 11.0199, 10.8757, 10.6693, 10.4037, 10.0819, 9.70645
-76.645, 10.4138, 10.2915, 10.1065, 9.86162, 9.5599, 9.20408
-72.645, 9.82592, 9.72551, 9.56176, 9.33766, 9.0561, 8.71986
-68.645, 9.25624, 9.17769, 9.03524, 8.83186, 8.57045, 8.25377
-64.645, 8.70476, 8.64807, 8.5269, 8.34422, 8.10295, 7.80584
-60.645, 8.17146, 8.13659, 8.03668, 7.8747, 7.65356, 7.37602
-56.645, 7.65631, 7.64325, 7.56458, 7.42328, 7.22226, 6.9643
-52.645, 7.15929, 7.168, 7.11057, 6.98996, 6.80906, 6.57067
-48.645, 6.68038, 6.71087, 6.67466, 6.57472, 6.41394, 6.19513
-44.645, 6.21958, 6.27181, 6.25682, 6.17755, 6.03689, 5.83766
-40.645, 5.77685, 5.85083, 5.85704, 5.79844, 5.67791, 5.49827
-36.645, 5.3522, 5.44792, 5.47533, 5.43739, 5.337, 5.17696
-32.645, 4.94563, 5.06306, 5.11167, 5.09441, 5.01415, 4.87371
-28.645, 4.55712, 4.69626, 4.76607, 4.76947, 4.70936, 4.58855
-24.645, 4.18665, 4.34751, 4.43851, 4.46259, 4.42264, 4.32146
-20.645, 3.83424, 4.0168, 4.129, 4.17377, 4.15399, 4.07246
-16.645, 3.49987, 3.70414, 3.83754, 3.903, 3.90341, 3.84154
-12.645, 3.18356, 3.40952, 3.56414, 3.65031, 3.67091, 3.62875
-8.645, 2.88529, 3.13295, 3.30879, 3.41568, 3.45649, 3.43405
-4.645, 2.60506, 2.87445, 3.07151, 3.19913, 3.26019, 3.25748
-0.645, 2.34289, 2.634, 2.8523, 3.00068, 3.08199, 3.09904
3.355, 2.09878, 2.41161, 2.65117, 2.82032, 2.92192, 2.95878
7.355, 1.87273, 2.20731, 2.46814, 2.65809, 2.77999, 2.83667
11.355, 1.66477, 2.02109, 2.30322, 2.51398, 2.65622, 2.73277
15.355, 1.47489, 1.85298, 2.15643, 2.38803, 2.55065, 2.64709
19.355, 1.30313, 1.70302, 2.02779, 2.28028, 2.4633, 2.57967
23.355, 1.14948, 1.57119, 1.91733, 2.19072, 2.39419, 2.53053
27.355, 1.01398, 1.45751, 1.82505, 2.11937, 2.34332, 2.49968
31.355, 0.896616, 1.36202, 1.75098, 2.06628, 2.31075, 2.48716
35.355, 0.797423, 1.28471, 1.69513, 2.03146, 2.29648, 2.493
39.355, 0.71645, 1.22566, 1.65759, 2.01496, 2.3006, 2.51728
43.355, 0.65371, 1.18488, 1.63834, 2.01683, 2.32312, 2.56001
47.355, 0.609214, 1.16238, 1.63742, 2.03705, 2.36406, 2.62121
51.355, 0.582985, 1.15819, 1.65485, 2.07568, 2.42346, 2.70094
55.355, 0.575091, 1.17238, 1.69071, 2.1328, 2.5014, 2.79927
59.355, 0.585554, 1.20496, 1.74502, 2.20842, 2.59791, 2.91623
63.355, 0.614382, 1.25597, 1.81781, 2.30258, 2.71301, 3.05185
67.355, 0.661634, 1.32545, 1.90913, 2.41534, 2.84678, 3.20622
71.355, 0.727376, 1.41348, 2.01906, 2.54676, 2.9993, 3.37941
75.355, 0.811599, 1.52005, 2.1476, 2.69687, 3.17057, 3.57142
79.355, 0.914383, 1.64524, 2.29483, 2.86575, 3.36069, 3.78236
83.355, 1.03578, 1.78912, 2.46082, 3.05346, 3.56972, 4.01231
ENDTABLE


#EMBEDDED_NOTES
#Twist-beam suspension geometry from reference SuspensionSim model.
#END_EMBEDDED_NOTES

LOG_ENTRY Used Dataset: Suspension: Longitudinal Movement; { Twist-Beam (2D): Generic Suspension } Longitudinal: Twist-Beam - Rear (2D)
#Library : Suspension: Longitudinal Movement
#DataSet : Longitudinal: Twist-Beam - Rear (2D)
#Category: Twist-Beam (2D): Generic Suspension
#FileID  : SusX_1470541f-6428-4ded-9607-70f56bc54caf
#Product : CarSim 2020.0
#VehCode Longitudinal Movement

END
