PARSFILE
#FullDataName Tire: Aligning Moment`235/65 R17 (SAE)`Touring Tires
#CheckBox0 0    

#RingCtrl0 CARPET_FROM_ZERO
#RadioCtrl0 0    
#RadioCtrl1 0    

*3D_XLabel Vertical load (N)
*3D_YLabel Abs. slip angle [Alpha] (deg)
*3D_ZLabel Aligning moment (N-m)

#DiagramTwo0
*3D_DATA 8, 51 ! columns x rows
MZ_TIRE_CARPET 2D_FROM_ZERO
0, 1962, 3924, 5886, 7848, 9810, 11772, 13734, 15696
0.5, 7.491600526, 15.07958347, 22.81051031, 30.72589669, 38.90196444, 47.41304487, 56.37384872, 65.92717705
1, 15.23427323, 30.64011472, 46.29712487, 62.30866649, 78.81002019, 95.97180085, 114.002001, 133.1785607
1.5, 22.8142212, 45.90158459, 69.38343639, 93.41674319, 118.1892449, 143.9546774, 171.0233605, 199.8109898
2, 28.93272533, 58.38318502, 88.53328169, 119.5785102, 151.7707629, 185.4182417, 220.9334972, 258.8482717
2.5, 32.11000296, 65.17156275, 99.43274689, 135.160438, 172.6656266, 212.3249645, 254.6229059, 300.1956045
3, 31.91069623, 65.22232237, 100.3071669, 137.498817, 177.1889672, 219.8438701, 266.0372647, 316.5279991
3.5, 29.19614929, 60.09790576, 93.16092565, 128.7973386, 167.4909617, 209.7947413, 256.4026038, 308.2016673
4, 25.29143373, 52.37749545, 81.7479674, 113.868948, 149.2784574, 188.6057006, 232.6317675, 282.3601339
4.5, 21.20128837, 44.11643825, 69.23785368, 97.04045552, 128.0719535, 162.9728187, 202.572586, 247.9134273
5, 17.43192201, 36.43081902, 57.44181688, 80.9098082, 107.364478, 137.4244626, 171.8949369, 211.7880329
5.5, 14.17454035, 29.72938436, 47.06445383, 66.59276963, 88.78069697, 114.2079562, 143.5998881, 177.9068272
6, 11.42249982, 24.05584343, 38.24601642, 54.35141829, 72.79019172, 94.06919786, 118.8318508, 147.9462708
6.5, 9.126551769, 19.31034187, 30.84682735, 44.04941612, 59.27901118, 76.97538515, 97.70586049, 122.2185824
7, 7.212989005, 15.34484826, 24.6613219, 35.42723921, 47.94358448, 62.60214922, 79.88872706, 100.4338897
7.5, 5.607999403, 12.02531007, 19.47525473, 28.19440525, 38.44019817, 50.53417839, 64.90126408, 82.07993087
8, 4.256539149, 9.231149682, 15.10975208, 22.10006827, 30.43006859, 40.36789477, 52.27687575, 66.61247726
8.5, 3.109540286, 6.854578133, 11.40705473, 16.93765491, 23.64423655, 31.75618325, 41.58570925, 53.52678061
9, 2.130290519, 4.82650583, 8.242946131, 12.53006417, 17.85384757, 24.41826443, 32.48627476, 42.39488456
9.5, 1.288135062, 3.077414851, 5.519795729, 8.741884247, 12.88165854, 18.12264635, 24.6926255, 32.86694779
10, 0.552041411, 1.56341743, 3.159730644, 5.458807967, 8.580292542, 12.68478604, 17.96340171, 24.66590611
10.5, -0.090001682, 0.240318371, 1.097970937, 2.593759132, 4.831366578, 7.951680455, 12.1205703, 17.5472655
11, -0.656623612, -0.923348099, -0.710646859, 0.080046619, 1.544812435, 3.807398087, 7.004975472, 11.33233592
11.5, -1.153749255, -1.952779462, -2.311410287, -2.135509866, -1.355092768, 0.158551846, 2.510146616, 5.876948079
12, -1.600297389, -2.866838582, -3.729989213, -4.106015028, -3.923238189, -3.080098137, -1.467976653, 1.055468541
12.5, -1.995959413, -3.68454745, -4.998764341, -5.871193477, -6.220960158, -5.965364775, -5.01063833, -3.233104891
13, -2.353405952, -4.425042314, -6.143640483, -7.450780421, -8.275512964, -8.546587331, -8.176794312, -7.058888885
13.5, -2.672446259, -5.087999346, -7.170835397, -8.871180845, -10.12758792, -10.87269358, -11.02453792, -10.49042891
14, -2.965856947, -5.686205257, -8.099807624, -10.15885002, -11.80426076, -12.97166848, -13.59729892, -13.58789961
14.5, -3.233552243, -6.232507528, -8.950124507, -11.32694048, -13.32574418, -14.88510774, -15.93106655, -16.3963293
15, -3.475421624, -6.733283318, -9.721569671, -12.39528378, -14.7122969, -16.62002616, -18.05451675, -18.94580801
15.5, -3.69789143, -7.188414104, -10.42718776, -13.37712816, -15.98413972, -18.21092145, -19.99607595, -21.27316625
16, -3.900905009, -7.610880635, -11.08007116, -14.27226676, -17.14795578, -19.66468861, -21.7700328, -23.40767567
16.5, -4.090900492, -7.994069798, -11.68010976, -15.10070008, -18.22397045, -21.00883947, -23.40456085, -25.37131123
17, -4.261367183, -8.350990401, -12.23385531, -15.86231328, -19.21209536, -22.24332707, -24.91373757, -27.17154652
17.5, -4.425306587, -8.681613577, -12.74117897, -16.57037973, -20.13262627, -23.38879786, -26.3116178, -28.84425608
18, -4.576157898, -8.99250062, -13.22194829, -17.22490219, -20.98543022, -24.45201, -27.60519644, -30.39670764
18.5, -4.713909552, -9.276977188, -13.66285709, -17.83913745, -21.77728256, -25.43979518, -28.80841929, -31.8361513
19, -4.845073221, -9.541678282, -14.07710884, -18.406419, -22.5148597, -26.3659413, -29.92830076, -33.1768197
19.5, -4.963159812, -9.793112595, -14.45807845, -18.94007027, -23.20497842, -27.22346221, -30.97878066, -34.42586362
20, -5.074618138, -10.02468004, -14.81900708, -19.44007007, -23.84752062, -28.03295257, -31.9597828, -35.59747856
20.5, -5.186006517, -10.24955588, -15.15984638, -19.90640343, -24.45610012, -28.78750344, -32.8782697, -36.69166888
21, -5.284281145, -10.45456673, -15.48064743, -20.34575076, -25.02383948, -29.50084516, -33.74122159, -37.72255685
21.5, -5.375986798, -10.64632691, -15.78134142, -20.75809396, -25.55753859, -30.16602306, -34.55551207, -38.69728649
22, -5.46757439, -10.83132521, -16.06197378, -21.14346194, -26.06396974, -30.79685503, -35.32114311, -39.60862181
22.5, -5.552599631, -11.0030717, -16.32913925, -21.51521536, -26.54311608, -31.39324328, -36.04508481, -40.47080445
23, -5.63100472, -11.16155451, -16.58290304, -21.85995445, -26.99496257, -31.95523074, -36.72728215, -41.29088041
23.5, -5.702845084, -11.31987124, -16.81654979, -22.19109893, -27.41949597, -32.48958036, -37.3746913, -42.06162336
24, -5.77460887, -11.46498139, -17.04340524, -22.5019538, -27.82352298, -32.98948876, -37.98724926, -42.79727587
24.5, -5.84632459, -11.60333876, -17.2568247, -22.79920639, -28.2070037, -33.46866365, -38.57200729, -43.49066923
25, -5.904936472, -11.73506062, -17.46347963, -23.08289156, -28.57678369, -33.92714144, -39.12882673, -44.14885809
26, -5.904936472, -11.73506062, -17.46347963, -23.08289156, -28.57678369, -33.92714144, -39.12882673, -44.14885809
ENDTABLE



#EMBEDDED_NOTES
#New for CS 2016
#
#This Aligning Moment data replaces the previously shipping Aligning Moment data.
#
#The Mz values correspond to a pneumatic trail (deg) obtained from the averaged results of SAE Tire Tests.
#
#END_EMBEDDED_NOTES

LOG_ENTRY Used Dataset: Tire: Aligning Moment; { Touring Tires } 235/65 R17 (SAE)
#Library : Tire: Aligning Moment
#DataSet : 235/65 R17 (SAE)
#Category: Touring Tires
#FileID  : TireMz_47de72e5-1448-4bb7-ab21-678022953c4b
#Product : CarSim 2020.0
#VehCode Tire: Mz

END
