PARSFILE
#FullDataName Tire: Aligning Moment`Typical Large Vehicle`Reference Tires
#CheckBox0 0    

#RingCtrl0 CARPET_FROM_ZERO
#RadioCtrl0 0    
#RadioCtrl1 0    

*3D_XLabel Vertical load (N)
*3D_YLabel Abs. slip angle [Alpha] (deg)
*3D_ZLabel Aligning moment (N-m)

#DiagramTwo0
*3D_DATA 5, 80 ! columns x rows
MZ_TIRE_CARPET 2D_FROM_ZERO
0, 2200, 4125, 6250, 8105, 10525
0.5, 3.41895, 12.7992, 31.1212, 50.4953, 66.0121
1, 6.04892, 21.5657, 53.7389, 97.1334, 132.024
1.5, 7.45157, 26.9133, 68.1161, 127.203, 187.429
2, 7.97756, 29.3679, 75.6553, 145.262, 220.479
2.5, 7.80223, 29.3679, 77.4086, 153.152, 239.327
3, 7.1009, 27.4393, 74.5157, 152.801, 246.252
3.5, 6.04892, 23.9327, 68.1161, 145.875, 243.535
4, 4.73394, 19.4617, 58.9112, 133.865, 232.927
4.5, 3.33129, 14.2018, 47.953, 118.085, 216.446
5, 1.84098, 8.50355, 35.8552, 99.7633, 195.494
5.5, 0.438327, 2.71763, 23.2314, 79.9509, 171.649
6, -0.788989, -2.89296, 10.7829, 59.7002, 146.051
6.5, -1.92864, -8.15289, -1.05199, 39.6248, 119.839
7, -2.8053, -12.8868, -12.0102, 20.6014, 93.8021
7.5, -3.50662, -16.9194, -21.5657, 2.89296, 68.8174
8, -3.94495, -20.0754, -29.6309, -12.8868, 45.4984
8.5, -4.20794, -22.4424, -36.1182, -26.5626, 24.108
9, -4.38327, -23.845, -40.8521, -37.9592, 5.0846
9.5, -4.29561, -24.2833, -43.9204, -47.0764, -11.3965
10, -4.12028, -23.9327, -45.3231, -53.9143, -25.2477
10.5, -3.85728, -22.7054, -45.3231, -58.5605, -36.6442
11, -3.59428, -20.6891, -44.0081, -61.1905, -45.5861
11.5, -3.24362, -18.2344, -41.7288, -62.1548, -52.2486
12, -2.89296, -15.2538, -38.5728, -61.6288, -56.8072
12.5, -2.5423, -12.0978, -35.0662, -59.9632, -59.7002
13, -2.2793, -9.02954, -31.2966, -57.4209, -61.0152
13.5, -2.01631, -6.13658, -27.4393, -54.3526, -61.0152
14, -1.75331, -3.85728, -23.845, -50.7583, -60.1385
14.5, -1.57798, -2.19164, -20.5137, -47.0764, -58.4729
15, -1.40265, -1.22732, -17.6208, -43.3067, -56.2812
15.5, -1.22732, -0.701324, -14.9908, -39.7125, -53.6513
16, -1.13965, -0.350662, -12.7992, -36.2058, -50.846
16.5, -0.96432, -0.262996, -10.9582, -32.9622, -47.953
17, -0.876655, -0.175331, -9.46787, -29.9816, -44.9724
17.5, -0.788989, -0.0876655, -8.15289, -27.264, -42.0794
18, -0.701324, -0.0876655, -7.1009, -24.8093, -39.2741
18.5, -0.701324, -0.0876655, -6.13658, -22.6177, -36.6442
19, -0.613658, -0.0876655, -5.43526, -20.6014, -34.1895
19.5, -0.525993, -0.0876655, -4.73394, -18.8481, -31.8226
20, -0.525993, 0, -4.20794, -17.1824, -29.6309
20.5, -0.438327, 0, -3.76962, -15.7798, -27.527
21, -0.438327, 0, -3.41895, -14.4648, -25.686
21.5, -0.438327, 0, -3.06829, -13.3252, -23.9327
22, -0.350662, 0, -2.8053, -12.3608, -22.3547
22.5, -0.350662, 0, -2.5423, -11.3965, -20.8644
23, -0.350662, 0, -2.2793, -10.6075, -19.4617
23.5, -0.350662, 0, -2.10397, -9.81853, -18.2344
24, -0.262996, 0, -1.92864, -9.11721, -17.0948
24.5, -0.262996, 0, -1.75331, -8.50355, -16.0428
25, -0.262996, 0, -1.66564, -7.97756, -15.0785
25.5, -0.262996, 0, -1.49031, -7.45157, -14.2018
26, -0.262996, 0, -1.40265, -7.01324, -13.3252
26.5, -0.175331, 0, -1.31498, -6.57491, -12.5362
27, -0.175331, 0, -1.22732, -6.22425, -11.8348
27.5, -0.175331, 0, -1.13965, -5.87359, -11.2212
28, -0.175331, 0, -1.05199, -5.52293, -10.6075
28.5, -0.175331, 0, -1.05199, -5.25993, -9.99387
29, -0.175331, 0, -0.96432, -4.99693, -9.46787
29.5, -0.175331, 0, -0.876655, -4.73394, -9.02954
30, -0.175331, 0, -0.876655, -4.47094, -8.50355
30.5, -0.175331, 0, -0.788989, -4.20794, -8.15289
31, -0.175331, 0, -0.788989, -4.03261, -7.71456
31.5, -0.175331, 0, -0.701324, -3.85728, -7.3639
32, -0.175331, 0, -0.701324, -3.68195, -7.01324
32.5, -0.0876655, 0, -0.701324, -3.50662, -6.66258
33, -0.0876655, 0, -0.613658, -3.33129, -6.39958
33.5, -0.0876655, 0, -0.613658, -3.24362, -6.04892
34, -0.0876655, 0, -0.613658, -3.06829, -5.78592
34.5, -0.0876655, 0, -0.525993, -2.98063, -5.61059
35, -0.0876655, 0, -0.525993, -2.8053, -5.34759
35.5, -0.0876655, 0, -0.525993, -2.71763, -5.0846
36, -0.0876655, 0, -0.525993, -2.62996, -4.90927
36.5, -0.0876655, 0, -0.438327, -2.5423, -4.73394
37, -0.0876655, 0, -0.438327, -2.45463, -4.47094
37.5, -0.0876655, 0, -0.438327, -2.36697, -4.29561
38, -0.0876655, 0, -0.438327, -2.2793, -4.12028
38.5, -0.0876655, 0, -0.438327, -2.19164, -4.03261
39, -0.0876655, 0, -0.350662, -2.10397, -3.85728
39.5, -0.0876655, 0, -0.350662, -2.01631, -3.68195
40, -0.0876655, 0, -0.350662, -1.92864, -3.59428
ENDTABLE



LOG_ENTRY Used Dataset: Tire: Aligning Moment; { Reference Tires } Typical Large Vehicle
#Library : Tire: Aligning Moment
#DataSet : Typical Large Vehicle
#Category: Reference Tires
#FileID  : TireMz_8dc6a168-96e0-4df0-bf2b-e585c26920f9
#Product : CarSim 2020.0
#VehCode Tire: Mz

END
