PARSFILE
#FullDataName Tire: Aligning Moment`205/45 R17`Performance Tires
#CheckBox0 0    

#RingCtrl0 CARPET_FROM_ZERO
#RadioCtrl0 0    
#RadioCtrl1 0    

*3D_XLabel Vertical load (N)
*3D_YLabel Abs. slip angle [Alpha] (deg)
*3D_ZLabel Aligning moment (N-m)

#DiagramTwo0
*3D_DATA 8, 51 ! columns x rows
MZ_TIRE_CARPET 2D_FROM_ZERO
0, 1348.41, 2696.83, 4045.24, 5393.66, 6742.07, 8090.49, 9438.9, 10787.32
0.5, 20.97, 40.83, 59.32, 76.25, 91.51, 105, 116.65, 126.42
1, 32.44, 63.59, 93.15, 120.91, 146.66, 170.24, 191.46, 210.15
1.5, 32.09, 63.43, 93.92, 123.47, 151.96, 179.23, 205.11, 229.37
2, 26.48, 52.68, 78.68, 104.53, 130.23, 155.75, 181.01, 205.88
2.5, 20.56, 41.09, 61.75, 82.65, 103.87, 125.46, 147.46, 169.87
3, 15.73, 31.55, 47.63, 64.11, 81.1, 98.69, 116.97, 136
3.5, 12.02, 24.19, 36.67, 49.6, 63.09, 77.26, 92.21, 108.04
4, 9.18, 18.54, 28.24, 38.38, 49.1, 60.5, 72.69, 85.78
4.5, 6.99, 14.17, 21.68, 29.64, 38.17, 47.35, 57.29, 68.12
5, 5.26, 10.71, 16.5, 22.73, 29.49, 36.89, 45.02, 53.98
5.5, 3.86, 7.93, 12.33, 17.15, 22.49, 28.44, 35.09, 42.53
6, 2.73, 5.66, 8.92, 12.59, 16.76, 21.52, 26.94, 33.12
6.5, 1.78, 3.77, 6.09, 8.8, 12, 15.76, 20.16, 25.28
7, 0.99, 2.19, 3.7, 5.61, 7.99, 10.91, 14.44, 18.67
7.5, 0.31, 0.83, 1.67, 2.89, 4.57, 6.78, 9.57, 13.03
8, -0.27, -0.33, -0.08, 0.55, 1.63, 3.22, 5.38, 8.18
8.5, -0.78, -1.34, -1.6, -1.48, -0.93, 0.12, 1.73, 3.96
9, -1.23, -2.23, -2.93, -3.27, -3.17, -2.59, -1.46, 0.26
9.5, -1.62, -3.02, -4.11, -4.84, -5.15, -4.98, -4.28, -3
10, -1.97, -3.71, -5.16, -6.24, -6.91, -7.11, -6.79, -5.9
10.5, -2.28, -4.34, -6.1, -7.49, -8.48, -9.01, -9.04, -8.5
11, -2.56, -4.9, -6.94, -8.62, -9.9, -10.73, -11.05, -10.83
11.5, -2.82, -5.41, -7.7, -9.64, -11.18, -12.28, -12.88, -12.94
12, -3.05, -5.87, -8.39, -10.57, -12.34, -13.68, -14.53, -14.86
12.5, -3.26, -6.29, -9.03, -11.41, -13.41, -14.96, -16.04, -16.6
13, -3.45, -6.68, -9.6, -12.19, -14.38, -16.14, -17.43, -18.2
13.5, -3.63, -7.03, -10.14, -12.9, -15.27, -17.22, -18.7, -19.67
14, -3.79, -7.36, -10.63, -13.55, -16.09, -18.21, -19.87, -21.02
14.5, -3.95, -7.66, -11.08, -14.16, -16.86, -19.13, -20.95, -22.27
15, -4.09, -7.94, -11.5, -14.72, -17.56, -19.98, -21.95, -23.43
15.5, -4.22, -8.2, -11.89, -15.25, -18.22, -20.78, -22.89, -24.51
16, -4.34, -8.45, -12.26, -15.73, -18.83, -21.52, -23.76, -25.51
16.5, -4.45, -8.67, -12.6, -16.19, -19.4, -22.21, -24.57, -26.45
17, -4.56, -8.89, -12.92, -16.62, -19.94, -22.85, -25.33, -27.33
17.5, -4.66, -9.09, -13.22, -17.02, -20.44, -23.46, -26.04, -28.16
18, -4.75, -9.27, -13.5, -17.39, -20.91, -24.03, -26.71, -28.93
18.5, -4.84, -9.45, -13.77, -17.75, -21.36, -24.57, -27.35, -29.66
19, -4.93, -9.62, -14.02, -18.08, -21.78, -25.08, -27.94, -30.35
19.5, -5.01, -9.78, -14.26, -18.4, -22.18, -25.56, -28.51, -31
20, -5.08, -9.93, -14.48, -18.7, -22.55, -26.01, -29.04, -31.61
20.5, -5.15, -10.07, -14.69, -18.98, -22.91, -26.44, -29.54, -32.2
21, -5.22, -10.2, -14.89, -19.25, -23.25, -26.85, -30.02, -32.75
21.5, -5.28, -10.33, -15.09, -19.51, -23.57, -27.23, -30.48, -33.27
22, -5.34, -10.45, -15.27, -19.75, -23.87, -27.6, -30.91, -33.77
22.5, -5.4, -10.57, -15.44, -19.98, -24.16, -27.95, -31.32, -34.25
23, -5.46, -10.68, -15.61, -20.21, -24.44, -28.29, -31.72, -34.7
23.5, -5.51, -10.79, -15.77, -20.42, -24.71, -28.61, -32.09, -35.14
24, -5.56, -10.89, -15.92, -20.62, -24.96, -28.91, -32.45, -35.55
24.5, -5.61, -10.98, -16.06, -20.81, -25.2, -29.21, -32.8, -35.95
25, -5.66, -11.08, -16.2, -21, -25.44, -29.49, -33.13, -36.33
26, -5.66, -11.08, -16.2, -21, -25.44, -29.49, -33.13, -36.33
ENDTABLE



LOG_ENTRY Used Dataset: Tire: Aligning Moment; { Performance Tires } 205/45 R17
#Library : Tire: Aligning Moment
#DataSet : 205/45 R17
#Category: Performance Tires
#FileID  : TireMz_72f62f87-a55e-4d28-a911-404df7f5aedf
#Product : CarSim 2020.0
#VehCode Tire: Mz

END
