PARSFILE
#FullDataName Tire: Aligning Moment`185/65 R15 (SAE)`Touring Tires
#CheckBox0 0    

#RingCtrl0 CARPET_FROM_ZERO
#RadioCtrl0 0    
#RadioCtrl1 0    

*3D_XLabel Vertical load (N)
*3D_YLabel Abs. slip angle [Alpha] (deg)
*3D_ZLabel Aligning moment (N-m)

#DiagramTwo0
*3D_DATA 8, 51 ! columns x rows
MZ_TIRE_CARPET 2D_FROM_ZERO
0, 1348.41, 2696.83, 4045.24, 5393.66, 6742.07, 8090.49, 9438.9, 10787.32
0.5, 4.88601723, 9.66987409, 14.33467596, 18.87411987, 23.28555114, 27.57040611, 31.71930304, 35.74385789
1, 9.941091373, 19.68136483, 29.18783996, 38.4412927, 47.43205003, 56.14693923, 64.58102633, 72.73797325
1.5, 14.19661184, 28.28396795, 42.21896119, 55.96402949, 69.46845603, 82.70026147, 95.61293454, 108.1772848
2, 15.9942511, 32.29359371, 48.89394096, 65.75911191, 82.8258302, 100.0143964, 117.2286823, 134.3674567
2.5, 15.04360183, 30.8504622, 47.53864386, 65.14007155, 83.66151606, 103.0515843, 123.2402165, 144.1080833
3, 12.60943066, 26.22773697, 41.06180529, 57.25809695, 74.9318986, 94.17378411, 115.0197937, 137.480628
3.5, 9.942934339, 20.91181446, 33.15690865, 46.8991333, 62.33856214, 79.68897908, 99.13277383, 120.8537509
4, 7.607022193, 16.14434865, 25.86699943, 37.00499855, 49.8131184, 64.55610421, 81.5249254, 101.0168716
4.5, 5.718102444, 12.2396934, 19.80168098, 28.6247113, 38.9612222, 51.08585966, 65.32722768, 82.05164923
5, 4.227656677, 9.144447318, 14.94755556, 21.84182369, 30.06131469, 39.86761132, 51.57702392, 65.5734127
5.5, 3.060162372, 6.699290162, 11.09978941, 16.43314999, 22.90472728, 30.75673636, 40.28605826, 51.84709405
6, 2.13398776, 4.758825734, 8.036913419, 12.11369838, 17.16526903, 23.41385135, 31.11788633, 40.60052573
6.5, 1.387393108, 3.205604542, 5.578287829, 8.6359307, 12.54188735, 17.47072375, 23.66901718, 31.41508061
7, 0.787475174, 1.94231022, 3.576696831, 5.8086804, 8.77376626, 12.62885178, 17.58063704, 23.89016432
7.5, 0.288159656, 0.900887904, 1.932096131, 3.484624194, 5.676924927, 8.641731093, 12.56734984, 17.6780914
8, -0.127254466, 0.03434089, 0.565824694, 1.551771101, 3.099478676, 5.328668287, 8.398155033, 12.508004
8.5, -0.475597468, -0.69592932, -0.587807364, -0.075153481, 0.930712944, 2.542495808, 4.896256313, 8.170602461
9, -0.773783955, -1.320022955, -1.568360233, -1.459107239, -0.907994433, 0.178530822, 1.928974118, 4.488602798
9.5, -1.030253872, -1.855172808, -2.41533744, -2.649538418, -2.490231163, -1.848586724, -0.615962381, 1.339889238
10, -1.253495897, -2.31859882, -3.146395853, -3.682415672, -3.857674567, -3.600536763, -2.812167145, -1.371801427
10.5, -1.447709073, -2.727514882, -3.787815173, -4.580262844, -5.051641126, -5.129233162, -4.727590109, -3.736404836
11, -1.621401659, -3.090533737, -4.357094512, -5.378726055, -6.104178793, -6.472371068, -6.406100026, -5.804582285
11.5, -1.778790446, -3.411878832, -4.863010344, -6.086802174, -7.038139229, -7.662727733, -7.890962712, -7.635624294
12, -1.919826666, -3.700138742, -5.314194428, -6.71778907, -7.871710432, -8.728208412, -9.215717965, -9.264362382
12.5, -2.044435162, -3.963886185, -5.723723726, -7.289396433, -8.622954338, -9.682814662, -10.40425147, -10.72038424
13, -2.156856776, -4.198661005, -6.091460259, -7.805959933, -9.300868353, -10.54495773, -11.47551315, -12.03291099
13.5, -2.261336843, -4.417387962, -6.430448797, -8.276248891, -9.918860125, -11.32838797, -12.44832837, -13.22134071
14, -2.357825595, -4.615632754, -6.740577489, -8.704539551, -10.48584757, -12.04215012, -13.33202441, -14.30014817
14.5, -2.446221451, -4.797605101, -7.026040068, -9.104055608, -11.00616072, -12.69991549, -14.14522423, -15.29320548
15, -2.530873969, -4.96756689, -7.29113182, -9.470124024, -11.48410371, -13.30606705, -14.89713006, -16.20040721
15.5, -2.607324544, -5.125443257, -7.535713098, -9.811542728, -11.93312362, -13.86959657, -15.58751419, -17.04072633
16, -2.67989937, -5.275522355, -7.764039726, -10.12809354, -12.34386046, -14.3902745, -16.2302357, -17.81868071
16.5, -2.748569025, -5.413284904, -7.975985466, -10.42408425, -12.73434463, -14.87708287, -16.82973955, -18.54365329
17, -2.808846941, -5.543059578, -8.180312974, -10.7038809, -13.09523374, -15.33444038, -17.38570652, -19.22493919
17.5, -2.869500133, -5.664736302, -8.36797779, -10.96728964, -13.43545443, -15.76206526, -17.91210272, -19.8574413
18, -2.926117188, -5.782712999, -8.547815863, -11.21413189, -13.75941202, -16.16441141, -18.40861252, -20.45530141
18.5, -2.978602096, -5.892432025, -8.719704725, -11.44882293, -14.06225868, -16.54585707, -18.8749576, -21.01341741
19, -3.03139019, -5.993806924, -8.879028178, -11.67121947, -14.35311218, -16.90623965, -19.31566831, -21.54600673
19.5, -3.079995841, -6.095779298, -9.034733601, -11.88113027, -14.62712759, -17.25003091, -19.73048611, -22.04794091
20, -3.124402436, -6.189244308, -9.182176368, -12.08306242, -14.88881418, -17.57698498, -20.12867671, -22.52865265
20.5, -3.168984571, -6.278663977, -9.321267622, -12.27690192, -15.13799263, -17.88697198, -20.51010905, -22.98307375
21, -3.213799071, -6.368535204, -9.451925839, -12.46248309, -15.37448808, -18.1845044, -20.86970588, -23.41575019
21.5, -3.254310451, -6.449712776, -9.583213708, -12.63508136, -15.60285162, -18.46942446, -21.21691642, -23.83140644
22, -3.290434403, -6.531267464, -9.705921053, -12.80856863, -15.82298291, -18.74157239, -21.5467266, -24.22487463
22.5, -3.331273784, -6.608566879, -9.824533431, -12.96884438, -16.03002725, -19.00075856, -21.86375663, -24.60579919
23, -3.36768338, -6.681594145, -9.939017568, -13.12515409, -16.23335345, -19.25648386, -22.17274232, -24.96905588
23.5, -3.399658941, -6.754881335, -10.04931868, -13.2774539, -16.4280741, -19.49901117, -22.46377328, -25.32434377
24, -3.436300149, -6.823791883, -10.1553483, -13.42565521, -16.61888967, -19.73302082, -22.75135882, -25.6616069
24.5, -3.468491608, -6.892951361, -10.26180251, -13.56497881, -16.80093153, -19.95837664, -23.02555439, -25.98557616
25, -3.500754666, -6.957676333, -10.35918985, -13.7000394, -16.97893396, -20.17497756, -23.28625312, -26.30114442
26, -3.500754666, -6.957676333, -10.35918985, -13.7000394, -16.97893396, -20.17497756, -23.28625312, -26.30114442
ENDTABLE



#EMBEDDED_NOTES
#New for CS 2016
#
#This Aligning Moment data replaces the previously shipping Aligning Moment data.
#
#The Mz values correspond to a pneumatic trail (deg) obtained from the averaged results of SAE Tire Tests.
#END_EMBEDDED_NOTES

LOG_ENTRY Used Dataset: Tire: Aligning Moment; { Touring Tires } 185/65 R15 (SAE)
#Library : Tire: Aligning Moment
#DataSet : 185/65 R15 (SAE)
#Category: Touring Tires
#FileID  : TireMz_252ff4ea-8385-4909-a1d8-aba950fe4eff
#Product : CarSim 2020.0
#VehCode Tire: Mz

END
