PARSFILE
#FullDataName Tire: Aligning Moment`GT Rear - 28/71 - 18`Racing Tires
#CheckBox0 0    

#RingCtrl0 CARPET_FROM_ZERO
#RadioCtrl0 0    
#RadioCtrl1 0    

*3D_XLabel Vertical load (N)
*3D_YLabel Abs. slip angle [Alpha] (deg)
*3D_ZLabel Aligning moment (N-m)

#DiagramTwo0
*3D_DATA 8, 51 ! columns x rows
MZ_TIRE_CARPET 2D_FROM_ZERO
0, 1471, 2942, 4412.99, 5883.99, 7354.99, 8825.99, 10296.98, 11767.98
0.5, 32.08, 62.09, 89.75, 114.92, 137.55, 157.58, 175.02, 189.89
1, 71.11, 137.58, 198.72, 254.14, 303.61, 347.04, 384.36, 415.62
1.5, 102.08, 200.22, 293.29, 380.28, 460.3, 532.49, 596.13, 650.64
2, 101.89, 204.8, 308.17, 411, 512.01, 609.66, 702.19, 787.7
2.5, 80.49, 165.3, 254.93, 349.39, 448.33, 550.98, 656.1, 761.93
3, 57.65, 120.11, 188.4, 263.23, 345.14, 434.45, 531.22, 635.08
3.5, 40.07, 84.37, 133.95, 189.71, 252.52, 323.23, 402.67, 491.53
4, 27.58, 58.65, 94.13, 134.87, 181.76, 235.76, 297.91, 369.33
4.5, 18.75, 40.36, 65.59, 95.18, 129.92, 170.7, 218.55, 274.65
5, 12.39, 27.14, 44.89, 66.26, 91.91, 122.64, 159.35, 203.13
5.5, 7.7, 17.38, 29.57, 44.79, 63.61, 86.71, 114.86, 149.03
6, 4.15, 9.98, 17.95, 28.51, 42.12, 59.37, 80.92, 107.6
6.5, 1.4, 4.25, 8.96, 15.89, 25.47, 38.16, 54.56, 75.37
7, -0.78, -0.28, 1.85, 5.93, 12.31, 21.41, 33.73, 49.88
7.5, -2.53, -3.92, -3.87, -2.08, 1.73, 7.95, 16.99, 29.4
8, -3.97, -6.9, -8.54, -8.63, -6.9, -3.04, 3.34, 12.7
8.5, -5.16, -9.38, -12.42, -14.06, -14.06, -12.13, -7.95, -1.1
9, -6.16, -11.46, -15.68, -18.62, -20.06, -19.75, -17.4, -12.64
9.5, -7.02, -13.23, -18.45, -22.48, -25.14, -26.21, -25.4, -22.41
10, -7.75, -14.75, -20.82, -25.8, -29.5, -31.73, -32.25, -30.75
10.5, -8.38, -16.07, -22.88, -28.67, -33.27, -36.5, -38.15, -37.95
11, -8.94, -17.22, -24.67, -31.17, -36.55, -40.66, -43.29, -44.2
11.5, -9.43, -18.23, -26.25, -33.37, -39.44, -44.31, -47.79, -49.68
12, -9.86, -19.12, -27.65, -35.31, -41.99, -47.53, -51.77, -54.51
12.5, -10.25, -19.92, -28.89, -37.04, -44.25, -50.39, -55.3, -58.8
13, -10.59, -20.64, -30.01, -38.59, -46.28, -52.95, -58.45, -62.62
13.5, -10.91, -21.28, -31.01, -39.99, -48.1, -55.25, -61.28, -66.05
14, -11.19, -21.87, -31.92, -41.25, -49.75, -57.32, -63.84, -69.14
14.5, -11.45, -22.4, -32.74, -42.39, -51.24, -59.2, -66.15, -71.94
15, -11.68, -22.88, -33.49, -43.43, -52.6, -60.92, -68.25, -74.48
15.5, -11.9, -23.32, -34.18, -44.39, -53.85, -62.48, -70.17, -76.8
16, -12.09, -23.73, -34.81, -45.26, -54.99, -63.91, -71.93, -78.93
16.5, -12.28, -24.11, -35.4, -46.07, -56.04, -65.23, -73.55, -80.88
17, -12.44, -24.45, -35.93, -46.81, -57.01, -66.45, -75.04, -82.68
17.5, -12.6, -24.77, -36.43, -47.5, -57.91, -67.58, -76.42, -84.34
18, -12.75, -25.07, -36.89, -48.14, -58.74, -68.62, -77.7, -85.89
18.5, -12.88, -25.35, -37.33, -48.74, -59.52, -69.6, -78.89, -87.32
19, -13.01, -25.61, -37.73, -49.29, -60.24, -70.5, -80, -88.65
19.5, -13.12, -25.85, -38.1, -49.81, -60.92, -71.35, -81.04, -89.9
20, -13.24, -26.08, -38.46, -50.3, -61.55, -72.14, -82.01, -91.06
20.5, -13.34, -26.3, -38.79, -50.76, -62.14, -72.88, -82.91, -92.15
21, -13.44, -26.5, -39.1, -51.19, -62.7, -73.58, -83.77, -93.18
21.5, -13.53, -26.69, -39.39, -51.59, -63.23, -74.24, -84.57, -94.14
22, -13.62, -26.87, -39.67, -51.97, -63.72, -74.86, -85.33, -95.05
22.5, -13.7, -27.04, -39.93, -52.34, -64.19, -75.45, -86.04, -95.9
23, -13.78, -27.2, -40.18, -52.68, -64.63, -76, -86.72, -96.71
23.5, -13.85, -27.35, -40.41, -53, -65.05, -76.52, -87.35, -97.48
24, -13.92, -27.49, -40.64, -53.31, -65.45, -77.02, -87.96, -98.21
24.5, -13.99, -27.63, -40.85, -53.6, -65.83, -77.5, -88.54, -98.89
25, -14.05, -27.76, -41.05, -53.88, -66.19, -77.94, -89.08, -99.55
25.5, -14.05, -27.76, -41.05, -53.88, -66.19, -77.94, -89.08, -99.55
ENDTABLE



LOG_ENTRY Used Dataset: Tire: Aligning Moment; { Racing Tires } GT Rear - 28/71 - 18
#Library : Tire: Aligning Moment
#DataSet : GT Rear - 28/71 - 18
#Category: Racing Tires
#FileID  : TireMz_be4634f3-6fc9-4d81-9ff4-404c66a6c48b
#Product : CarSim 2020.0
#VehCode Tire: Mz

END
