PARSFILE
#FullDataName Tire: Aligning Moment`205/55 R16 (SAE)`Touring Tires
#CheckBox0 0    

#RingCtrl0 CARPET_FROM_ZERO
#RadioCtrl0 0    
#RadioCtrl1 0    

*3D_XLabel Vertical load (N)
*3D_YLabel Abs. slip angle [Alpha] (deg)
*3D_ZLabel Aligning moment (N-m)

#DiagramTwo0
*3D_DATA 8, 51 ! columns x rows
MZ_TIRE_CARPET 2D_FROM_ZERO
0, 1348.875, 2697.75, 4046.625, 5395.5, 6744.375, 8093.25, 9442.125, 10791
0.5, 5.819649166, 11.51766741, 17.07411654, 22.48191522, 27.73688654, 32.8417148, 37.78446218, 42.57985066
1, 11.79710022, 23.35731357, 34.64192151, 45.6279873, 56.30456677, 66.65571264, 76.67503537, 86.36749086
1.5, 16.74609027, 33.36857383, 49.81701036, 66.04728643, 82.00054292, 97.63788322, 112.9052595, 127.767385
2, 18.71552556, 37.79794869, 57.24379228, 77.01251208, 97.03006013, 117.2049649, 137.4237168, 157.5685455
2.5, 17.43402803, 35.76569768, 55.13511672, 75.58220711, 97.11673005, 119.6819087, 143.1979541, 167.5285667
3, 14.4565088, 30.08407929, 47.12408698, 65.74897046, 86.09492149, 108.2701282, 132.3206264, 158.2629037
3.5, 11.27103425, 23.71872541, 37.63123763, 53.26434995, 70.84989083, 90.63694306, 112.8386969, 137.6716047
4, 8.525583213, 18.10548868, 29.030124, 41.56219743, 55.99301587, 72.6265227, 91.79734419, 113.84829
4.5, 6.338343209, 13.57672407, 21.98178734, 31.80263285, 43.32478723, 56.85949621, 72.77979693, 91.5024754
5, 4.637850756, 10.03893377, 16.42282193, 24.0182743, 33.08702034, 43.92239438, 56.87946262, 72.38965433
5.5, 3.325159584, 7.284670065, 12.0794331, 17.89903173, 24.97094226, 33.56381748, 44.00748246, 56.69618888
6, 2.298807954, 5.129987958, 8.670619902, 13.08005408, 18.55149008, 25.32899913, 33.69705864, 44.01176901
6.5, 1.483036901, 3.428911897, 5.971439842, 9.252238195, 13.44880574, 18.7515122, 25.429064, 33.78565957
7, 0.836015574, 2.063362478, 3.802367455, 6.180050715, 9.342569569, 13.45957439, 18.75466611, 25.51055875
7.5, 0.304086152, 0.951249613, 2.041502242, 3.68467448, 6.007611102, 9.152838717, 13.32244108, 18.7577066
8, -0.133582643, 0.036068853, 0.594671533, 1.632016867, 3.26217736, 5.612810305, 8.853354554, 13.19749238
8.5, -0.496962546, -0.727570619, -0.614893845, -0.078666987, 0.974896576, 2.665144856, 5.136432582, 8.57839799
9, -0.805331389, -1.374497794, -1.63396228, -1.521037981, -0.947133164, 0.186352576, 2.014928978, 4.69215625
9.5, -1.068566997, -1.924997115, -2.507484168, -2.752101087, -2.588132476, -1.922455645, -0.640997606, 1.395319774
10, -1.296227513, -2.398597183, -3.256412401, -3.813059114, -3.996649955, -3.732368685, -2.916893028, -1.42379551
10.5, -1.493210567, -2.814253867, -3.909850906, -4.729940928, -5.219246642, -5.302146535, -4.889656802, -3.866749839
11, -1.6686338, -3.181610513, -4.487152066, -5.54150059, -6.291661544, -6.674286911, -6.609252605, -5.991843368
11.5, -1.827107619, -3.505579255, -4.998214792, -6.258307679, -7.239309405, -7.885080779, -8.12362209, -7.864540442
12, -1.968727651, -3.795366452, -5.452575097, -6.894974693, -8.082197063, -8.96502837, -9.469634822, -9.523773352
12.5, -2.093536644, -4.060023611, -5.864102205, -7.470348698, -8.839833779, -9.929756336, -10.67351402, -11.00215444
13, -2.205966175, -4.29515934, -6.23292551, -7.98931929, -9.522047016, -10.79905151, -11.75589837, -12.33126265
13.5, -2.310418144, -4.514107302, -6.57260919, -8.46118011, -10.14305102, -11.58761933, -12.73693999, -13.53214954
14, -2.406854596, -4.712390466, -6.883135507, -8.890471243, -10.71224371, -12.30515283, -13.62675822, -14.62040794
14.5, -2.495221698, -4.894364806, -7.168927059, -9.290879795, -11.23424149, -12.96590458, -14.44483336, -15.62106569
15, -2.579897557, -5.064435829, -7.43438379, -9.657706482, -11.71362341, -13.57456063, -15.20084721, -16.53437423
15.5, -2.65641497, -5.222501628, -7.679372108, -9.999961266, -12.1641184, -14.14042731, -15.89474681, -17.3799835
16, -2.72914063, -5.372942511, -7.908245106, -10.31742535, -12.57626111, -14.66330303, -16.54078253, -18.16270375
16.5, -2.798029007, -5.511109592, -8.120863637, -10.6145165, -12.96844037, -15.15242803, -17.14355094, -18.89220782
17, -2.858535819, -5.641457672, -8.326181085, -10.89565977, -13.33111232, -15.61229922, -17.70279546, -19.57804989
17.5, -2.919559892, -5.763827117, -8.51489957, -11.16063381, -13.67339557, -16.04262806, -18.23271555, -20.21506431
18, -2.976580557, -5.882700891, -8.696037038, -11.40926053, -13.99971143, -16.44791562, -18.73300619, -20.81764621
18.5, -3.029557873, -5.993399304, -8.869462814, -11.64597667, -14.30515691, -16.83262402, -19.20335193, -21.38059992
19, -3.082921079, -6.095855976, -9.030422212, -11.87061196, -14.59890932, -17.19652969, -19.64832574, -21.91838097
19.5, -3.132138351, -6.199062978, -9.187994165, -12.0829624, -14.87604187, -17.54412746, -20.06765298, -22.42570908
20, -3.17717582, -6.293845069, -9.337451997, -12.28759516, -15.14108574, -17.87519573, -20.47072994, -22.91223876
20.5, -3.222512369, -6.384703915, -9.478699594, -12.4842961, -15.39384244, -18.18949979, -20.85733018, -23.37264069
21, -3.268135958, -6.47614651, -9.611594061, -12.67296667, -15.63413748, -18.49163844, -21.22233526, -23.81161775
21.5, -3.309462584, -6.558930894, -9.745362707, -12.84874481, -15.86652024, -18.78140455, -21.57523927, -24.23389509
22, -3.346409494, -6.642210721, -9.870597951, -13.02564651, -16.09088085, -19.05860798, -21.91094682, -24.63415129
22.5, -3.388158028, -6.721279423, -9.991868994, -13.18942224, -16.30227156, -19.32302284, -22.2341287, -25.02219804
23, -3.425514608, -6.796123506, -10.10909528, -13.34937762, -16.5101521, -19.58430105, -22.54956844, -25.39276985
23.5, -3.458396353, -6.87135646, -10.22225325, -13.50544787, -16.70958937, -19.83244407, -22.84712193, -25.75566863
24, -3.496088318, -6.942238016, -10.33120277, -13.65757665, -16.90529042, -20.07224909, -23.14153076, -26.10068437
24.5, -3.52926336, -7.013420212, -10.44069657, -13.80085175, -17.09230929, -20.30353023, -23.42272091, -26.43258611
25, -3.562549198, -7.080195003, -10.54110843, -13.939971, -17.27538157, -20.52622043, -23.69044893, -26.75627548
26, -3.562549198, -7.080195003, -10.54110843, -13.939971, -17.27538157, -20.52622043, -23.69044893, -26.75627548
ENDTABLE



#EMBEDDED_NOTES
#New for CS 2016
#
#This Aligning Moment data replaces the previously shipping Aligning Moment data.
#
#The Mz values correspond to a pneumatic trail (deg) obtained from the averaged results of SAE Tire Tests.
#END_EMBEDDED_NOTES

LOG_ENTRY Used Dataset: Tire: Aligning Moment; { Touring Tires } 205/55 R16 (SAE)
#Library : Tire: Aligning Moment
#DataSet : 205/55 R16 (SAE)
#Category: Touring Tires
#FileID  : TireMz_fae1631c-079d-405e-a52b-617c65fd2794
#Product : CarSim 2020.0
#VehCode Tire: Mz

END
