PARSFILE
#FullDataName Tire: Longitudinal Force`225/60 R18`Touring Tires
#CheckBox0 0    

#RingCtrl0 CARPET_FROM_ZERO
#RadioCtrl0 0    
#RadioCtrl1 0    

*3D_XLabel Vertical load (N)
*3D_YLabel Abs. slip ratio [Kappa] (-)
*3D_ZLabel Abs. longitudinal tire force Fx (N)

#DiagramTwo0
*3D_DATA 8, 51 ! columns x rows
FX_TIRE_CARPET 2D_FROM_ZERO
0, 1961.33, 3922.66, 5883.99, 7845.32, 9806.65, 11767.98, 13729.31, 15690.64
0.02, 862.81, 1783.13, 2762.04, 3794.59, 4873.05, 5988.03, 7129.14, 8285.48
0.04, 1405.11, 2856.38, 4345.65, 5859.21, 7381.77, 8898.09, 10393.74, 11855.5
0.06, 1683.96, 3384.43, 5089.04, 6782.93, 8451.6, 10081.79, 11661.81, 13181.59
0.08, 1827.85, 3649.23, 5451.02, 7219.83, 8943.43, 10611.08, 12213.62, 13743.29
0.1, 1906.98, 3792.03, 5642.2, 7445.59, 9191.77, 10871.81, 12478.17, 14004.57
0.12, 1953.08, 3873.7, 5749.19, 7568.78, 9323.31, 11005.08, 12607.67, 14125.76
0.14, 1980.9, 3921.81, 5810.31, 7636.48, 9392.07, 11070.27, 12665.46, 14173.03
0.16, 1997.79, 3949.97, 5844.33, 7671.56, 9424.12, 11095.9, 12681.88, 14178.04
0.18, 2007.75, 3965.55, 5861.32, 7686.27, 9433.43, 11097.23, 12673.18, 14157.7
0.2, 2013.13, 3972.81, 5867.14, 7687.73, 9428.09, 11083.11, 12648.74, 14121.81
0.22, 2015.35, 3974.42, 5865.42, 7680.34, 9413.11, 11059, 12614.36, 14076.35
0.24, 2015.35, 3972.07, 5858.5, 7666.95, 9391.71, 11028.42, 12573.74, 14025.16
0.26, 2013.76, 3966.92, 5847.96, 7649.47, 9366.06, 10993.69, 12529.34, 13970.72
0.28, 2011.02, 3959.8, 5834.91, 7629.22, 9337.64, 10956.43, 12482.8, 13914.72
0.3, 2007.45, 3951.26, 5820.11, 7607.14, 9307.51, 10917.73, 12435.27, 13858.28
0.32, 2003.28, 3941.72, 5804.15, 7583.9, 9276.39, 10878.38, 12387.52, 13802.18
0.34, 1998.68, 3931.51, 5787.42, 7559.98, 9244.83, 10838.92, 12340.11, 13746.92
0.36, 1993.78, 3920.84, 5770.24, 7535.74, 9213.2, 10799.74, 12293.41, 13692.85
0.38, 1988.68, 3909.89, 5752.83, 7511.45, 9181.77, 10761.12, 12247.67, 13640.2
0.4, 1983.44, 3898.79, 5735.37, 7487.29, 9150.75, 10723.23, 12203.05, 13589.1
0.42, 1978.13, 3887.65, 5717.98, 7463.4, 9120.27, 10686.22, 12159.68, 13539.63
0.44, 1972.79, 3876.53, 5700.76, 7439.89, 9090.44, 10650.16, 12117.59, 13491.82
0.46, 1967.46, 3865.5, 5683.77, 7416.82, 9061.31, 10615.11, 12076.84, 13445.67
0.48, 1962.16, 3854.6, 5667.07, 7394.26, 9032.94, 10581.08, 12037.42, 13401.17
0.5, 1956.92, 3843.87, 5650.7, 7372.23, 9005.34, 10548.1, 11999.32, 13358.28
0.52, 1951.74, 3833.32, 5634.68, 7350.75, 8978.52, 10516.16, 11962.53, 13316.96
0.54, 1946.64, 3822.97, 5619.03, 7329.84, 8952.5, 10485.24, 11927, 13277.16
0.56, 1941.64, 3812.84, 5603.75, 7309.5, 8927.25, 10455.32, 11892.7, 13238.82
0.58, 1936.72, 3802.94, 5588.86, 7289.72, 8902.77, 10426.39, 11859.61, 13201.89
0.6, 1931.91, 3793.26, 5574.36, 7270.51, 8879.05, 10398.4, 11827.66, 13166.31
0.62, 1927.2, 3783.82, 5560.24, 7251.85, 8856.06, 10371.34, 11796.82, 13132.02
0.64, 1922.59, 3774.61, 5546.5, 7233.73, 8833.78, 10345.16, 11767.05, 13098.97
0.66, 1918.09, 3765.62, 5533.13, 7216.15, 8812.19, 10319.85, 11738.3, 13067.1
0.68, 1913.69, 3756.87, 5520.13, 7199.08, 8791.28, 10295.36, 11710.53, 13036.36
0.7, 1909.4, 3748.34, 5507.49, 7182.5, 8771.01, 10271.67, 11683.7, 13006.7
0.72, 1905.21, 3740.03, 5495.19, 7166.42, 8751.37, 10248.74, 11657.77, 12978.07
0.74, 1901.12, 3731.93, 5483.24, 7150.8, 8732.33, 10226.54, 11632.7, 12950.42
0.76, 1897.13, 3724.05, 5471.61, 7135.64, 8713.87, 10205.05, 11608.46, 12923.72
0.78, 1893.24, 3716.37, 5460.31, 7120.91, 8695.97, 10184.23, 11585, 12897.9
0.8, 1889.45, 3708.9, 5449.31, 7106.61, 8678.6, 10164.06, 11562.3, 12872.95
0.82, 1885.74, 3701.61, 5438.62, 7092.72, 8661.76, 10144.52, 11540.33, 12848.81
0.84, 1882.13, 3694.52, 5428.22, 7079.23, 8645.4, 10125.56, 11519.04, 12825.45
0.86, 1878.61, 3687.6, 5418.09, 7066.11, 8629.53, 10107.19, 11498.41, 12802.83
0.88, 1875.18, 3680.87, 5408.24, 7053.36, 8614.12, 10089.36, 11478.42, 12780.93
0.9, 1871.82, 3674.31, 5398.66, 7040.96, 8599.14, 10072.05, 11459.04, 12759.71
0.92, 1868.55, 3667.91, 5389.32, 7028.9, 8584.6, 10055.26, 11440.24, 12739.14
0.94, 1865.36, 3661.68, 5380.23, 7017.17, 8570.46, 10038.95, 11421.99, 12719.2
0.96, 1862.25, 3655.6, 5371.38, 7005.76, 8556.71, 10023.1, 11404.28, 12699.85
0.98, 1859.21, 3649.67, 5362.76, 6994.65, 8543.34, 10007.7, 11387.08, 12681.07
1, 1856.24, 3643.89, 5354.35, 6983.83, 8530.34, 9992.73, 11370.37, 12662.85
1.02, 1856.24, 3643.89, 5354.35, 6983.83, 8530.34, 9992.73, 11370.37, 12662.85
ENDTABLE

MU_REF_X 1.0


LOG_ENTRY Used Dataset: Tire: Longitudinal Force; { Touring Tires } 225/60 R18
#Library : Tire: Longitudinal Force
#DataSet : 225/60 R18
#Category: Touring Tires
#FileID  : TireFx_d73d78fa-a1f8-487f-b612-c6e2ca83ab43
#Product : CarSim 2020.0
#VehCode Tire: Fx

END
