PARSFILE
#FullDataName Tire: Longitudinal Force`MF-Tyre Asymmetric`MF-Tyre Example
#CheckBox0 0    

#RingCtrl0 2D_SPLINE
#RadioCtrl0 0    
#RadioCtrl1 0    

*3D_XLabel Vertical load (N)
*3D_YLabel Slip ratio [Kappa] (-)
*3D_ZLabel Longitudinal tire force Fx (N)

#DiagramTwo0
*3D_DATA 4, 81 ! columns x rows
FX_TIRE_CARPET 2D_SPLINE
0, 0, 2000, 4000, 6000
-1, 0, -1577.33, -3003.05, -4361.98
-0.975, 0, -1583.2, -3013.43, -4377.29
-0.95, 0, -1589.34, -3024.29, -4393.4
-0.925, 0, -1595.79, -3035.23, -4410.06
-0.9, 0, -1602.05, -3047.79, -4427.63
-0.875, 0, -1609.49, -3060.21, -4446.06
-0.85, 0, -1617.31, -3073.43, -4465.41
-0.825, 0, -1625.55, -3087.36, -4485.75
-0.8, 0, -1633.42, -3102.05, -4507.18
-0.775, 0, -1642.23, -3117.57, -4529.75
-0.75, 0, -1651.56, -3133.98, -4553.58
-0.725, 0, -1661.44, -3151.37, -4578.77
-0.7, 0, -1671.94, -3169.82, -4605.43
-0.675, 0, -1683.1, -3189.42, -4633.68
-0.65, 0, -1694.98, -3210.29, -4663.68
-0.625, 0, -1707.66, -3232.55, -4695.58
-0.6, 0, -1721.21, -3256.33, -4729.56
-0.575, 0, -1735.72, -3281.78, -4765.81
-0.55, 0, -1751.29, -3309.09, -4804.56
-0.525, 0, -1768.01, -3338.44, -4846.07
-0.5, 0, -1786.02, -3370.06, -4890.6
-0.475, 0, -1805.44, -3404.19, -4938.47
-0.45, 0, -1826.42, -3441.1, -4990.02
-0.425, 0, -1849.1, -3481.12, -5045.65
-0.4, 0, -1873.66, -3524.58, -5105.75
-0.375, 0, -1900.25, -3571.85, -5170.79
-0.35, 0, -1929, -3623.32, -5241.23
-0.325, 0, -1960, -3679.35, -5317.49
-0.3, 0, -1993.22, -3740.25, -5399.97
-0.275, 0, -2028.42, -3806.17, -5488.81
-0.25, 0, -2064.95, -3876.87, -5583.79
-0.225, 0, -2101.37, -3951.33, -5683.8
-0.2, 0, -2134.86, -4026.99, -5786.08
-0.175, 0, -2159.9, -4098.14, -5884.52
-0.15, 0, -2166.16, -4152.71, -5966.19
-0.125, 0, -2134.53, -4165.59, -6003.85
-0.1, 0, -2031.2, -4084.92, -5939.21
-0.075, 0, -1802, -3806.39, -5645.3
-0.05, 0, -1378.66, -3141.53, -4853.04
-0.025, 0, -722.221, -1856.94, -3107.46
6.04e-16, 0, 97.634, 20.2207, -217.127
0.025, 0, 893.404, 1889.73, 2777.16
0.05, 0, 1496.92, 3160.48, 4685.26
0.075, 0, 1869.6, 3815.17, 5576.85
0.1, 0, 2063.76, 4088.13, 5917.93
0.125, 0, 2146.47, 4166.05, 6003.65
0.15, 0, 2166.98, 4151.85, 5975.14
0.175, 0, 2155.07, 4096.69, 5897.14
0.2, 0, 2127.37, 4025.29, 5799.8
0.225, 0, 2092.83, 3949.56, 5697.41
0.25, 0, 2056.19, 3875.11, 5596.75
0.275, 0, 2019.87, 3804.46, 5500.9
0.3, 0, 1985.08, 3738.61, 5411.11
0.325, 0, 1952.35, 3677.77, 5327.71
0.35, 0, 1921.86, 3621.81, 5250.57
0.375, 0, 1893.61, 3570.41, 5179.32
0.4, 0, 1867.5, 3523.2, 5113.54
0.425, 0, 1843.37, 3479.79, 5052.76
0.45, 0, 1821.09, 3439.82, 4996.53
0.475, 0, 1800.47, 3402.94, 4945.21
0.5, 0, 1781.38, 3368.85, 4896.86
0.525, 0, 1763.67, 3337.26, 4851.89
0.55, 0, 1747.21, 3307.94, 4810
0.575, 0, 1731.89, 3280.65, 4770.89
0.6, 0, 1717.6, 3255.22, 4734.32
0.625, 0, 1704.24, 3231.45, 4700.05
0.65, 0, 1691.74, 3209.21, 4667.89
0.675, 0, 1680.02, 3188.35, 4637.65
0.7, 0, 1669.01, 3168.75, 4609.17
0.725, 0, 1658.65, 3150.31, 4582.32
0.75, 0, 1648.88, 3132.93, 4556.95
0.775, 0, 1639.67, 3116.52, 4532.95
0.8, 0, 1630.96, 3101.01, 4510.22
0.825, 0, 1622.71, 3086.31, 4488.65
0.85, 0, 1614.9, 3073.12, 4468.18
0.875, 0, 1607.48, 3059.91, 4448.7
0.9, 0, 1600.43, 3047.36, 4430.17
0.925, 0, 1593.73, 3035.42, 4412.5
0.95, 0, 1587.34, 3024.04, 4395.64
0.975, 0, 1581.25, 3013.18, 4379.54
1, 0, 1575.43, 3002.82, 4364.15
ENDTABLE

MU_REF_X 1.0


LOG_ENTRY Used Dataset: Tire: Longitudinal Force; { MF-Tyre Example } MF-Tyre Asymmetric
#Library : Tire: Longitudinal Force
#DataSet : MF-Tyre Asymmetric
#Category: MF-Tyre Example
#FileID  : TireFx_615ef077-bee1-455a-a9d3-3d5efbf125f6
#Product : CarSim 2020.0
#VehCode Tire: Fx

END
