PARSFILE
#FullDataName Tire: Longitudinal Force`255/45 R18`Performance Tires
#CheckBox0 0    

#RingCtrl0 CARPET_FROM_ZERO
#RadioCtrl0 0    
#RadioCtrl1 0    

*3D_XLabel Vertical load (N)
*3D_YLabel Abs. slip ratio [Kappa] (-)
*3D_ZLabel Abs. longitudinal tire force Fx (N)

#DiagramTwo0
*3D_DATA 8, 51 ! columns x rows
FX_TIRE_CARPET 2D_FROM_ZERO
0, 1348.41, 2696.83, 4045.24, 5393.66, 6742.07, 8090.49, 9438.9, 10787.32
0.02, 680.64, 1334.36, 1957.05, 2546.45, 3101.03, 3619.73, 4101.77, 4546.64
0.04, 1077.82, 2117.63, 3113.4, 4061.63, 4959.83, 5806.08, 6598.92, 7337.16
0.06, 1267.42, 2493.66, 3672.09, 4798.72, 5870.65, 6885.59, 7841.67, 8737.33
0.08, 1360.7, 2679.34, 3949.05, 5165.7, 6326.21, 7428.13, 8469.42, 9448.35
0.1, 1410.34, 2778.38, 4097.21, 5362.61, 6571.43, 7721.16, 8809.66, 9835.12
0.12, 1438.34, 2834.41, 4181.26, 5474.66, 6711.44, 7889.01, 9005.23, 10058.21
0.14, 1454.52, 2866.91, 4230.22, 5540.21, 6793.69, 7988.08, 9121.17, 10191.06
0.16, 1463.71, 2885.47, 4258.38, 5578.17, 6841.67, 8046.26, 9189.75, 10270.21
0.18, 1468.49, 2895.27, 4273.43, 5598.74, 6868.01, 8078.64, 9228.41, 10315.39
0.2, 1470.38, 2899.28, 4279.84, 5607.84, 6880.08, 8093.97, 9247.29, 10338.09
0.22, 1470.31, 2899.38, 4280.39, 5609.13, 6882.43, 8097.67, 9252.65, 10345.41
0.24, 1468.88, 2896.76, 4276.86, 5605, 6877.99, 8093.25, 9248.56, 10341.96
0.26, 1466.49, 2892.24, 4270.48, 5597.04, 6868.78, 8083.09, 9237.77, 10330.86
0.28, 1463.44, 2886.37, 4262.07, 5586.38, 6856.17, 8068.84, 9222.19, 10314.27
0.3, 1459.92, 2879.56, 4252.24, 5573.81, 6841.15, 8051.67, 9203.19, 10293.74
0.32, 1456.09, 2872.11, 4241.42, 5559.9, 6824.44, 8032.46, 9181.76, 10270.41
0.34, 1452.04, 2864.22, 4229.94, 5545.09, 6806.57, 8011.82, 9158.64, 10245.11
0.36, 1447.85, 2856.06, 4218.03, 5529.69, 6787.94, 7990.24, 9134.39, 10218.47
0.38, 1443.6, 2847.74, 4205.87, 5513.94, 6768.85, 7968.06, 9109.41, 10190.95
0.4, 1439.31, 2839.36, 4193.61, 5498.02, 6749.51, 7945.57, 9084.02, 10162.94
0.42, 1435.04, 2830.98, 4181.33, 5482.06, 6730.12, 7922.97, 9058.47, 10134.68
0.44, 1430.79, 2822.65, 4169.12, 5466.18, 6710.78, 7900.42, 9032.93, 10106.41
0.46, 1426.59, 2814.42, 4157.03, 5450.44, 6691.6, 7878.02, 9007.55, 10078.28
0.48, 1422.46, 2806.3, 4145.11, 5434.91, 6672.66, 7855.89, 8982.44, 10050.41
0.5, 1418.4, 2798.33, 4133.39, 5419.62, 6654.01, 7834.07, 8957.66, 10022.9
0.52, 1414.42, 2790.51, 4121.89, 5404.62, 6635.69, 7812.63, 8933.3, 9995.81
0.54, 1410.53, 2782.86, 4110.64, 5389.93, 6617.73, 7791.59, 8909.38, 9969.21
0.56, 1406.73, 2775.38, 4099.63, 5375.55, 6600.16, 7770.99, 8885.94, 9943.12
0.58, 1403.02, 2768.08, 4088.88, 5361.5, 6582.97, 7750.84, 8863, 9917.57
0.6, 1399.4, 2760.96, 4078.39, 5347.79, 6566.19, 7731.16, 8840.58, 9892.59
0.62, 1395.87, 2754.02, 4068.16, 5334.41, 6549.82, 7711.94, 8818.67, 9868.17
0.64, 1392.44, 2747.26, 4058.19, 5321.37, 6533.85, 7693.18, 8797.29, 9844.32
0.66, 1389.1, 2740.67, 4048.48, 5308.67, 6518.28, 7674.9, 8776.44, 9821.05
0.68, 1385.85, 2734.26, 4039.03, 5296.29, 6503.11, 7657.07, 8756.1, 9798.35
0.7, 1382.68, 2728.02, 4029.82, 5284.23, 6488.33, 7639.7, 8736.27, 9776.21
0.72, 1379.6, 2721.95, 4020.86, 5272.5, 6473.93, 7622.77, 8716.95, 9754.63
0.74, 1376.6, 2716.04, 4012.14, 5261.07, 6459.91, 7606.29, 8698.12, 9733.58
0.76, 1373.69, 2710.29, 4003.65, 5249.94, 6446.26, 7590.23, 8679.77, 9713.08
0.78, 1370.85, 2704.69, 3995.38, 5239.11, 6432.97, 7574.58, 8661.89, 9693.09
0.8, 1368.09, 2699.25, 3987.34, 5228.56, 6420.02, 7559.34, 8644.48, 9673.61
0.82, 1365.4, 2693.95, 3979.51, 5218.29, 6407.41, 7544.5, 8627.5, 9654.62
0.84, 1362.79, 2688.79, 3971.88, 5208.29, 6395.13, 7530.04, 8610.97, 9636.12
0.86, 1360.24, 2683.76, 3964.46, 5198.55, 6383.17, 7515.95, 8594.85, 9618.08
0.88, 1357.77, 2678.87, 3957.23, 5189.06, 6371.51, 7502.22, 8579.15, 9600.5
0.9, 1355.35, 2674.11, 3950.19, 5179.82, 6360.16, 7488.84, 8563.84, 9583.36
0.92, 1353, 2669.47, 3943.33, 5170.82, 6349.09, 7475.8, 8548.91, 9566.65
0.94, 1350.71, 2664.95, 3936.64, 5162.05, 6338.31, 7463.09, 8534.36, 9550.35
0.96, 1348.48, 2660.54, 3930.13, 5153.49, 6327.79, 7450.69, 8520.17, 9534.45
0.98, 1346.31, 2656.25, 3923.78, 5145.16, 6317.54, 7438.61, 8506.33, 9518.94
1, 1344.19, 2652.07, 3917.59, 5137.03, 6307.55, 7426.82, 8492.83, 9503.81
1.02, 1344.19, 2652.07, 3917.59, 5137.03, 6307.55, 7426.82, 8492.83, 9503.81
ENDTABLE

MU_REF_X 1.0


LOG_ENTRY Used Dataset: Tire: Longitudinal Force; { Performance Tires } 255/45 R18
#Library : Tire: Longitudinal Force
#DataSet : 255/45 R18
#Category: Performance Tires
#FileID  : TireFx_fc93723f-920f-4eea-9fdf-2fa7a974c74c
#Product : CarSim 2020.0
#VehCode Tire: Fx

END
