PARSFILE
#FullDataName Tire: Longitudinal Force`225/60 R18 (QDS)`Touring Tires
#CheckBox0 0    

#RingCtrl0 CARPET_FROM_ZERO
#RadioCtrl0 0    
#RadioCtrl1 0    

*3D_XLabel Vertical load (N)
*3D_YLabel Abs. slip ratio [Kappa] (-)
*3D_ZLabel Abs. longitudinal tire force Fx (N)

#DiagramTwo0
*3D_DATA 8, 51 ! columns x rows
FX_TIRE_CARPET 2D_FROM_ZERO
0, 1961.33, 3922.66, 5883.99, 7845.32, 9806.65, 11767.98, 13729.31, 15690.64
0.02, 1294.2, 2674.7, 4143.1, 5691.9, 7309.6, 8982, 10694, 12428
0.04, 2107.7, 4284.6, 6518.5, 8788.8, 11073, 13347, 15591, 17783
0.06, 2525.9, 5076.6, 7633.6, 10174, 12677, 15123, 17493, 19772
0.08, 2741.8, 5473.8, 8176.5, 10830, 13415, 15917, 18320, 20615
0.1, 2860.5, 5688, 8463.3, 11168, 13788, 16308, 18717, 21007
0.12, 2929.6, 5810.5, 8623.8, 11353, 13985, 16508, 18912, 21189
0.14, 2971.4, 5882.7, 8715.5, 11455, 14088, 16605, 18998, 21260
0.16, 2996.7, 5925, 8766.5, 11507, 14136, 16644, 19023, 21267
0.18, 3011.6, 5948.3, 8792, 11529, 14150, 16646, 19010, 21237
0.2, 3019.7, 5959.2, 8800.7, 11532, 14142, 16625, 18973, 21183
0.22, 3023, 5961.6, 8798.1, 11521, 14120, 16588, 18922, 21115
0.24, 3023, 5958.1, 8787.8, 11500, 14088, 16543, 18861, 21038
0.26, 3020.6, 5950.4, 8771.9, 11474, 14049, 16491, 18794, 20956
0.28, 3016.5, 5939.7, 8752.4, 11444, 14006, 16435, 18724, 20872
0.3, 3011.2, 5926.9, 8730.2, 11411, 13961, 16377, 18653, 20787
0.32, 3004.9, 5912.6, 8706.2, 11376, 13915, 16318, 18581, 20703
0.34, 2998, 5897.3, 8681.1, 11340, 13867, 16258, 18510, 20620
0.36, 2990.7, 5881.3, 8655.4, 11304, 13820, 16200, 18440, 20539
0.38, 2983, 5864.8, 8629.2, 11267, 13773, 16142, 18372, 20460
0.4, 2975.2, 5848.2, 8603.1, 11231, 13726, 16085, 18305, 20384
0.42, 2967.2, 5831.5, 8577, 11195, 13680, 16029, 18240, 20309
0.44, 2959.2, 5814.8, 8551.1, 11160, 13636, 15975, 18176, 20238
0.46, 2951.2, 5798.2, 8525.7, 11125, 13592, 15923, 18115, 20169
0.48, 2943.2, 5781.9, 8500.6, 11091, 13549, 15872, 18056, 20102
0.5, 2935.4, 5765.8, 8476, 11058, 13508, 15822, 17999, 20037
0.52, 2927.6, 5750, 8452, 11026, 13468, 15774, 17944, 19975
0.54, 2920, 5734.5, 8428.5, 10995, 13429, 15728, 17890, 19916
0.56, 2912.5, 5719.3, 8405.6, 10964, 13391, 15683, 17839, 19858
0.58, 2905.1, 5704.4, 8383.3, 10935, 13354, 15640, 17789, 19803
0.6, 2897.9, 5689.9, 8361.5, 10906, 13319, 15598, 17741, 19749
0.62, 2890.8, 5675.7, 8340.4, 10878, 13284, 15557, 17695, 19698
0.64, 2883.9, 5661.9, 8319.8, 10851, 13251, 15518, 17651, 19648
0.66, 2877.1, 5648.4, 8299.7, 10824, 13218, 15480, 17607, 19601
0.68, 2870.5, 5635.3, 8280.2, 10799, 13187, 15443, 17566, 19555
0.7, 2864.1, 5622.5, 8261.2, 10774, 13157, 15408, 17526, 19510
0.72, 2857.8, 5610, 8242.8, 10750, 13127, 15373, 17487, 19467
0.74, 2851.7, 5597.9, 8224.9, 10726, 13098, 15340, 17449, 19426
0.76, 2845.7, 5586.1, 8207.4, 10703, 13071, 15308, 17413, 19386
0.78, 2839.9, 5574.6, 8190.5, 10681, 13044, 15276, 17378, 19347
0.8, 2834.2, 5563.4, 8174, 10660, 13018, 15246, 17343, 19309
0.82, 2828.6, 5552.4, 8157.9, 10639, 12993, 15217, 17310, 19273
0.84, 2823.2, 5541.8, 8142.3, 10619, 12968, 15188, 17279, 19238
0.86, 2817.9, 5531.4, 8127.1, 10599, 12944, 15161, 17248, 19204
0.88, 2812.8, 5521.3, 8112.4, 10580, 12921, 15134, 17218, 19171
0.9, 2807.7, 5511.5, 8098, 10561, 12899, 15108, 17189, 19140
0.92, 2802.8, 5501.9, 8084, 10543, 12877, 15083, 17160, 19109
0.94, 2798, 5492.5, 8070.3, 10526, 12856, 15058, 17133, 19079
0.96, 2793.4, 5483.4, 8057.1, 10509, 12835, 15035, 17106, 19050
0.98, 2788.8, 5474.5, 8044.1, 10492, 12815, 15012, 17081, 19022
1, 2784.4, 5465.8, 8031.5, 10476, 12796, 14989, 17056, 18994
1.02, 2784.4, 5465.8, 8031.5, 10476, 12796, 14989, 17056, 18994
ENDTABLE

MU_REF_X 1.0


LOG_ENTRY Used Dataset: Tire: Longitudinal Force; { Touring Tires } 225/60 R18 (QDS)
#Library : Tire: Longitudinal Force
#DataSet : 225/60 R18 (QDS)
#Category: Touring Tires
#FileID  : TireFx_7f4d1b9b-6cca-4004-afb1-457557e85a00
#Product : CarSim 2020.0
#VehCode Tire: Fx

END
