PARSFILE
#FullDataName Tire: Longitudinal Force`205/45 R17`Performance Tires
#CheckBox0 0    

#RingCtrl0 CARPET_FROM_ZERO
#RadioCtrl0 0    
#RadioCtrl1 0    

*3D_XLabel Vertical load (N)
*3D_YLabel Abs. slip ratio [Kappa] (-)
*3D_ZLabel Abs. longitudinal tire force Fx (N)

#DiagramTwo0
*3D_DATA 8, 51 ! columns x rows
FX_TIRE_CARPET 2D_FROM_ZERO
0, 1348.41, 2696.83, 4045.24, 5393.66, 6742.07, 8090.49, 9438.9, 10787.32
0.02, 704.77, 1395.6, 2070.06, 2726.61, 3363.99, 3981.14, 4577.1, 5151
0.04, 1097.08, 2170.78, 3217.1, 4233.54, 5218.12, 6169.21, 7085.36, 7965.25
0.06, 1274.84, 2521.28, 3734.55, 4911.69, 6050.38, 7148.75, 8205.15, 9218.1
0.08, 1357.64, 2684.31, 3974.85, 5226.07, 6435.52, 7601.19, 8721.37, 9794.51
0.1, 1398.39, 2764.43, 4092.76, 5380.06, 6623.83, 7822.01, 8972.83, 10074.75
0.12, 1418.63, 2804.15, 4151.09, 5456.06, 6716.52, 7930.39, 9095.89, 10211.48
0.14, 1427.94, 2822.34, 4177.66, 5490.49, 6758.29, 7978.95, 9150.69, 10271.97
0.16, 1431.01, 2828.24, 4186.14, 5501.28, 6771.1, 7993.51, 9166.72, 10289.19
0.18, 1430.36, 2826.84, 4183.86, 5498.01, 6766.72, 7987.9, 9159.78, 10280.81
0.2, 1427.44, 2820.98, 4175.04, 5486.2, 6751.9, 7970.06, 9138.92, 10256.94
0.22, 1423.14, 2812.4, 4162.21, 5469.17, 6730.72, 7944.79, 9109.62, 10223.69
0.24, 1418, 2802.18, 4146.98, 5449.02, 6705.74, 7915.08, 9075.3, 10184.87
0.26, 1412.37, 2791.01, 4130.38, 5427.09, 6678.6, 7882.87, 9038.16, 10142.94
0.28, 1406.5, 2779.36, 4113.07, 5404.25, 6650.38, 7849.42, 8999.63, 10099.51
0.3, 1400.53, 2767.53, 4095.51, 5381.1, 6621.8, 7815.57, 8960.68, 10055.64
0.32, 1394.57, 2755.73, 4078, 5358.03, 6593.33, 7781.86, 8921.92, 10012.02
0.34, 1388.69, 2744.08, 4060.73, 5335.29, 6565.28, 7748.68, 8883.79, 9969.12
0.36, 1382.93, 2732.69, 4043.83, 5313.05, 6537.86, 7716.26, 8846.54, 9927.24
0.38, 1377.32, 2721.59, 4027.4, 5291.42, 6511.21, 7684.75, 8810.35, 9886.56
0.4, 1371.89, 2710.84, 4011.47, 5270.47, 6485.39, 7654.23, 8775.32, 9847.2
0.42, 1366.63, 2700.45, 3996.07, 5250.22, 6460.45, 7624.77, 8741.5, 9809.2
0.44, 1361.56, 2690.43, 3981.23, 5230.7, 6436.41, 7596.36, 8708.91, 9772.6
0.46, 1356.68, 2680.77, 3966.93, 5211.9, 6413.26, 7569.02, 8677.55, 9737.38
0.48, 1351.98, 2671.47, 3953.17, 5193.81, 6390.99, 7542.73, 8647.39, 9703.52
0.5, 1347.45, 2662.53, 3939.93, 5176.42, 6369.58, 7517.46, 8618.4, 9670.98
0.52, 1343.1, 2653.94, 3927.21, 5159.7, 6349, 7493.17, 8590.55, 9639.72
0.54, 1338.92, 2645.68, 3914.98, 5143.64, 6329.23, 7469.83, 8563.79, 9609.69
0.56, 1334.9, 2637.73, 3903.23, 5128.2, 6310.23, 7447.41, 8538.08, 9580.85
0.58, 1331.04, 2630.1, 3891.93, 5113.35, 6291.97, 7425.86, 8513.38, 9553.13
0.6, 1327.32, 2622.75, 3881.07, 5099.08, 6274.41, 7405.14, 8489.64, 9526.5
0.62, 1323.75, 2615.69, 3870.62, 5085.36, 6257.53, 7385.22, 8466.81, 9500.89
0.64, 1320.31, 2608.89, 3860.56, 5072.15, 6241.29, 7366.06, 8444.86, 9476.27
0.66, 1316.99, 2602.35, 3850.89, 5059.45, 6225.66, 7347.63, 8423.73, 9452.58
0.68, 1313.81, 2596.05, 3841.57, 5047.21, 6210.62, 7329.88, 8403.4, 9429.78
0.7, 1310.73, 2589.98, 3832.6, 5035.43, 6196.13, 7312.79, 8383.82, 9407.82
0.72, 1307.77, 2584.14, 3823.95, 5024.07, 6182.16, 7296.32, 8364.95, 9386.67
0.74, 1304.92, 2578.5, 3815.61, 5013.12, 6168.7, 7280.45, 8346.77, 9366.28
0.76, 1302.16, 2573.06, 3807.57, 5002.57, 6155.72, 7265.14, 8329.23, 9346.62
0.78, 1299.5, 2567.81, 3799.8, 4992.38, 6143.19, 7250.37, 8312.31, 9327.65
0.8, 1296.94, 2562.74, 3792.31, 4982.54, 6131.1, 7236.11, 8295.98, 9309.34
0.82, 1294.46, 2557.84, 3785.07, 4973.03, 6119.41, 7222.33, 8280.21, 9291.66
0.84, 1292.06, 2553.11, 3778.08, 4963.85, 6108.13, 7209.02, 8264.97, 9274.58
0.86, 1289.74, 2548.54, 3771.31, 4954.97, 6097.21, 7196.16, 8250.23, 9258.07
0.88, 1287.5, 2544.11, 3764.77, 4946.39, 6086.66, 7183.72, 8235.98, 9242.1
0.9, 1285.33, 2539.83, 3758.44, 4938.08, 6076.44, 7171.68, 8222.2, 9226.65
0.92, 1283.23, 2535.68, 3752.31, 4930.03, 6066.56, 7160.02, 8208.85, 9211.69
0.94, 1281.2, 2531.66, 3746.37, 4922.24, 6056.98, 7148.73, 8195.93, 9197.21
0.96, 1279.22, 2527.77, 3740.62, 4914.69, 6047.7, 7137.79, 8183.41, 9183.17
0.98, 1277.31, 2524, 3735.04, 4907.37, 6038.71, 7127.19, 8171.27, 9169.57
1, 1275.46, 2520.34, 3729.63, 4900.27, 6029.98, 7116.91, 8159.5, 9156.39
1.02, 1275.46, 2520.34, 3729.63, 4900.27, 6029.98, 7116.91, 8159.5, 9156.39
ENDTABLE

MU_REF_X 1.0


LOG_ENTRY Used Dataset: Tire: Longitudinal Force; { Performance Tires } 205/45 R17
#Library : Tire: Longitudinal Force
#DataSet : 205/45 R17
#Category: Performance Tires
#FileID  : TireFx_7f409457-f408-428f-86c8-f4b4d85715e1
#Product : CarSim 2020.0
#VehCode Tire: Fx

END
