PARSFILE
#FullDataName Tire: Longitudinal Force`215/55 R17`Touring Tires
#CheckBox0 0    

#RingCtrl0 CARPET_FROM_ZERO
#RadioCtrl0 0    
#RadioCtrl1 0    

*3D_XLabel Vertical load (N)
*3D_YLabel Abs. slip ratio [Kappa] (-)
*3D_ZLabel Abs. longitudinal tire force Fx (N)

#DiagramTwo0
*3D_DATA 8, 51 ! columns x rows
FX_TIRE_CARPET 2D_FROM_ZERO
0, 1593.58, 3187.16, 4780.74, 6374.32, 7967.9, 9561.48, 11155.06, 12748.65
0.02, 866.05, 1702.47, 2504.68, 3270.08, 3996.91, 4683.85, 5329.94, 5934.48
0.04, 1297.02, 2555.8, 3770.2, 4936.54, 6052.18, 7115.02, 8123.39, 9075.89
0.06, 1471.85, 2904.23, 4290.68, 5627.28, 6911.13, 8139.89, 9311.59, 10424.58
0.08, 1545.6, 3051.97, 4512.64, 5923.67, 7282.08, 8585.47, 9831.8, 11019.3
0.1, 1577.33, 3115.96, 4609.52, 6054.07, 7446.63, 8784.79, 10066.48, 11289.9
0.12, 1589.5, 3140.9, 4647.9, 6106.6, 7514.05, 8867.84, 10165.9, 11406.43
0.14, 1591.76, 3145.99, 4656.47, 6119.35, 7531.7, 8891.14, 10195.61, 11443.29
0.16, 1588.74, 3140.47, 4649.06, 6110.7, 7522.49, 8882.06, 10187.38, 11436.63
0.18, 1582.86, 3129.18, 4632.91, 6090.28, 7498.42, 8854.99, 10157.96, 11405.55
0.2, 1575.45, 3114.8, 4612.04, 6063.46, 7466.22, 8817.98, 10116.76, 11360.75
0.22, 1567.3, 3098.87, 4588.79, 6033.36, 7429.78, 8775.74, 10069.25, 11308.54
0.24, 1558.85, 3082.33, 4564.54, 6001.84, 7391.45, 8731.07, 10018.74, 11252.71
0.26, 1550.39, 3065.72, 4540.14, 5970.03, 7352.65, 8685.71, 9967.27, 11195.59
0.28, 1542.08, 3049.37, 4516.08, 5938.61, 7314.24, 8640.71, 9916.07, 11138.62
0.3, 1534.02, 3033.49, 4492.67, 5907.99, 7276.75, 8596.7, 9865.92, 11082.7
0.32, 1526.25, 3018.18, 4470.08, 5878.41, 7240.48, 8554.07, 9817.27, 11028.37
0.34, 1518.81, 3003.5, 4448.4, 5849.99, 7205.61, 8513.03, 9770.37, 10975.93
0.36, 1511.7, 2989.47, 4427.66, 5822.79, 7172.2, 8473.68, 9725.35, 10925.54
0.38, 1504.92, 2976.09, 4407.88, 5796.82, 7140.27, 8436.04, 9682.26, 10877.27
0.4, 1498.48, 2963.35, 4389.03, 5772.06, 7109.82, 8400.12, 9641.1, 10831.12
0.42, 1492.34, 2951.22, 4371.08, 5748.48, 7080.79, 8365.85, 9601.82, 10787.04
0.44, 1486.51, 2939.69, 4354, 5726.02, 7053.13, 8333.19, 9564.36, 10744.99
0.46, 1480.96, 2928.72, 4337.75, 5704.64, 7026.79, 8302.07, 9528.64, 10704.87
0.48, 1475.69, 2918.28, 4322.27, 5684.28, 7001.7, 8272.41, 9494.58, 10666.59
0.5, 1470.66, 2908.34, 4307.54, 5664.88, 6977.78, 8244.13, 9462.1, 10630.08
0.52, 1465.88, 2898.87, 4293.5, 5646.4, 6954.99, 8217.16, 9431.11, 10595.23
0.54, 1461.33, 2889.85, 4280.12, 5628.77, 6933.24, 8191.43, 9401.54, 10561.95
0.56, 1456.98, 2881.24, 4267.35, 5611.95, 6912.49, 8166.87, 9373.29, 10530.16
0.58, 1452.84, 2873.03, 4255.17, 5595.89, 6892.67, 8143.41, 9346.3, 10499.78
0.6, 1448.88, 2865.19, 4243.53, 5580.55, 6873.73, 8120.98, 9320.5, 10470.72
0.62, 1445.1, 2857.69, 4232.4, 5565.89, 6855.62, 8099.52, 9295.81, 10442.91
0.64, 1441.48, 2850.53, 4221.76, 5551.85, 6838.28, 8078.98, 9272.17, 10416.28
0.66, 1438.02, 2843.66, 4211.57, 5538.41, 6821.68, 8059.31, 9249.53, 10390.76
0.68, 1434.7, 2837.09, 4201.81, 5525.54, 6805.78, 8040.46, 9227.82, 10366.28
0.7, 1431.53, 2830.79, 4192.45, 5513.19, 6790.52, 8022.37, 9206.99, 10342.8
0.72, 1428.48, 2824.75, 4183.47, 5501.35, 6775.88, 8005.01, 9186.99, 10320.25
0.74, 1425.55, 2818.95, 4174.85, 5489.97, 6761.82, 7988.34, 9167.78, 10298.59
0.76, 1422.74, 2813.37, 4166.57, 5479.04, 6748.31, 7972.31, 9149.32, 10277.76
0.78, 1420.04, 2808.02, 4158.61, 5468.53, 6735.31, 7956.9, 9131.55, 10257.72
0.8, 1417.44, 2802.86, 4150.95, 5458.42, 6722.81, 7942.07, 9114.46, 10238.43
0.82, 1414.94, 2797.9, 4143.57, 5448.69, 6710.77, 7927.78, 9097.99, 10219.85
0.84, 1412.54, 2793.12, 4136.47, 5439.31, 6699.17, 7914.02, 9082.12, 10201.94
0.86, 1410.22, 2788.52, 4129.63, 5430.27, 6687.99, 7900.75, 9066.82, 10184.67
0.88, 1407.98, 2784.08, 4123.02, 5421.55, 6677.2, 7887.95, 9052.06, 10168.01
0.9, 1405.82, 2779.8, 4116.65, 5413.14, 6666.79, 7875.59, 9037.81, 10151.92
0.92, 1403.74, 2775.66, 4110.5, 5405.02, 6656.74, 7863.66, 9024.04, 10136.37
0.94, 1401.72, 2771.66, 4104.56, 5397.17, 6647.02, 7852.12, 9010.74, 10121.35
0.96, 1399.78, 2767.8, 4098.81, 5389.58, 6637.63, 7840.97, 8997.88, 10106.82
0.98, 1397.9, 2764.07, 4093.26, 5382.24, 6628.55, 7830.19, 8985.43, 10092.77
1, 1396.08, 2760.45, 4087.88, 5375.14, 6619.76, 7819.75, 8973.38, 10079.16
1.02, 1396.08, 2760.45, 4087.88, 5375.14, 6619.76, 7819.75, 8973.38, 10079.16
ENDTABLE

MU_REF_X 1.0


LOG_ENTRY Used Dataset: Tire: Longitudinal Force; { Touring Tires } 215/55 R17
#Library : Tire: Longitudinal Force
#DataSet : 215/55 R17
#Category: Touring Tires
#FileID  : TireFx_912f5e84-bc6f-4cb3-a08e-430ac38b921c
#Product : CarSim 2020.0
#VehCode Tire: Fx

END
