PARSFILE
#FullDataName Tire: Longitudinal Force`185/65 R15`Touring Tires
#CheckBox0 0    

#RingCtrl0 CARPET_FROM_ZERO
#RadioCtrl0 0    
#RadioCtrl1 0    

*3D_XLabel Vertical load (N)
*3D_YLabel Abs. slip ratio [Kappa] (-)
*3D_ZLabel Abs. longitudinal tire force Fx (N)

#DiagramTwo0
*3D_DATA 8, 51 ! columns x rows
FX_TIRE_CARPET 2D_FROM_ZERO
0, 1348.41, 2696.83, 4045.24, 5393.66, 6742.07, 8090.49, 9438.9, 10787.32
0.02, 749.08, 1467.54, 2150.67, 2795.82, 3401.21, 3965.57, 4488, 4967.88
0.04, 1115.98, 2195.04, 3231.13, 4220.59, 5160.69, 6049.26, 6884.51, 7664.92
0.06, 1262.72, 2489.15, 3673.21, 4811.15, 5900.09, 6937.68, 7921.87, 8850.87
0.08, 1323.92, 2612.87, 3860.97, 5064.55, 6220.79, 7327.35, 8382.18, 9383.47
0.1, 1349.84, 2665.9, 3942.48, 5176.03, 6363.81, 7503.53, 8593.19, 9631
0.12, 1359.43, 2686.07, 3974.39, 5220.94, 6423.05, 7578.49, 8685.31, 9741.75
0.14, 1360.79, 2689.61, 3981.09, 5231.85, 6439.29, 7601.23, 8715.78, 9781.22
0.16, 1357.79, 2684.3, 3974.29, 5224.45, 6432.24, 7595.53, 8712.46, 9781.37
0.18, 1352.45, 2674.21, 3960.14, 5206.99, 6412.28, 7573.93, 8690.1, 9759.18
0.2, 1345.89, 2661.59, 3942.04, 5184.06, 6385.21, 7543.45, 8656.99, 9724.22
0.22, 1338.74, 2647.73, 3921.96, 5158.33, 6354.42, 7508.22, 8617.98, 9682.14
0.24, 1331.39, 2633.39, 3901.09, 5131.38, 6321.91, 7470.71, 8576.04, 9636.37
0.26, 1324.06, 2619.05, 3880.11, 5104.18, 6288.94, 7432.44, 8532.98, 9589.05
0.28, 1316.88, 2604.97, 3859.46, 5077.32, 6256.26, 7394.36, 8489.94, 9541.5
0.3, 1309.93, 2591.32, 3839.38, 5051.14, 6224.33, 7357.03, 8447.6, 9494.58
0.32, 1303.26, 2578.17, 3820.02, 5025.85, 6193.4, 7320.8, 8406.41, 9448.78
0.34, 1296.87, 2565.58, 3801.46, 5001.56, 6163.65, 7285.87, 8366.61, 9404.43
0.36, 1290.77, 2553.57, 3783.71, 4978.3, 6135.12, 7252.33, 8328.33, 9361.7
0.38, 1284.97, 2542.12, 3766.79, 4956.1, 6107.85, 7220.22, 8291.63, 9320.66
0.4, 1279.46, 2531.22, 3750.67, 4934.93, 6081.82, 7189.54, 8256.51, 9281.34
0.42, 1274.22, 2520.86, 3735.32, 4914.76, 6057.01, 7160.26, 8222.96, 9243.73
0.44, 1269.24, 2511.01, 3720.73, 4895.56, 6033.36, 7132.33, 8190.92, 9207.77
0.46, 1264.51, 2501.64, 3706.84, 4877.28, 6010.83, 7105.69, 8160.34, 9173.43
0.48, 1260.01, 2492.73, 3693.62, 4859.87, 5989.35, 7080.29, 8131.16, 9140.62
0.5, 1255.73, 2484.25, 3681.04, 4843.29, 5968.89, 7056.06, 8103.31, 9109.29
0.52, 1251.66, 2476.18, 3669.05, 4827.49, 5949.37, 7032.95, 8076.72, 9079.35
0.54, 1247.78, 2468.48, 3657.62, 4812.42, 5930.75, 7010.89, 8051.32, 9050.74
0.56, 1244.08, 2461.15, 3646.73, 4798.04, 5912.98, 6989.81, 8027.05, 9023.38
0.58, 1240.56, 2454.16, 3636.33, 4784.31, 5896, 6969.68, 8003.85, 8997.21
0.6, 1237.19, 2447.48, 3626.4, 4771.19, 5879.78, 6950.42, 7981.66, 8972.17
0.62, 1233.98, 2441.1, 3616.9, 4758.65, 5864.26, 6932, 7960.41, 8948.18
0.64, 1230.9, 2434.99, 3607.83, 4746.66, 5849.4, 6914.36, 7940.06, 8925.2
0.66, 1227.96, 2429.15, 3599.13, 4735.17, 5835.18, 6897.46, 7920.55, 8903.16
0.68, 1225.15, 2423.56, 3590.81, 4724.16, 5821.54, 6881.25, 7901.84, 8882.01
0.7, 1222.45, 2418.2, 3582.83, 4713.6, 5808.46, 6865.71, 7883.88, 8861.71
0.72, 1219.87, 2413.06, 3575.17, 4703.48, 5795.91, 6850.78, 7866.64, 8842.21
0.74, 1217.38, 2408.13, 3567.82, 4693.75, 5783.85, 6836.44, 7850.07, 8823.47
0.76, 1215, 2403.39, 3560.76, 4684.41, 5772.27, 6822.66, 7834.14, 8805.44
0.78, 1212.71, 2398.83, 3553.98, 4675.42, 5761.12, 6809.4, 7818.81, 8788.08
0.8, 1210.51, 2394.45, 3547.45, 4666.78, 5750.4, 6796.63, 7804.05, 8771.37
0.82, 1208.39, 2390.24, 3541.16, 4658.46, 5740.07, 6784.34, 7789.83, 8755.27
0.84, 1206.35, 2386.18, 3535.11, 4650.44, 5730.12, 6772.49, 7776.12, 8739.74
0.86, 1204.38, 2382.27, 3529.27, 4642.71, 5720.53, 6761.07, 7762.9, 8724.76
0.88, 1202.48, 2378.49, 3523.65, 4635.26, 5711.28, 6750.05, 7750.14, 8710.3
0.9, 1200.66, 2374.85, 3518.22, 4628.06, 5702.35, 6739.41, 7737.82, 8696.34
0.92, 1198.89, 2371.34, 3512.98, 4621.11, 5693.72, 6729.13, 7725.92, 8682.85
0.94, 1197.19, 2367.95, 3507.91, 4614.4, 5685.38, 6719.19, 7714.42, 8669.8
0.96, 1195.54, 2364.67, 3503.02, 4607.92, 5677.32, 6709.59, 7703.29, 8657.19
0.98, 1193.95, 2361.49, 3498.29, 4601.64, 5669.53, 6700.3, 7692.53, 8644.98
1, 1192.4, 2358.43, 3493.71, 4595.57, 5661.98, 6691.3, 7682.1, 8633.15
1.02, 1192.4, 2358.43, 3493.71, 4595.57, 5661.98, 6691.3, 7682.1, 8633.15
ENDTABLE

MU_REF_X 1.0


LOG_ENTRY Used Dataset: Tire: Longitudinal Force; { Touring Tires } 185/65 R15
#Library : Tire: Longitudinal Force
#DataSet : 185/65 R15
#Category: Touring Tires
#FileID  : TireFx_69377a8e-4e90-4d23-981e-4ec37f1913e8
#Product : CarSim 2020.0
#VehCode Tire: Fx

END
