PARSFILE
#FullDataName Tire: Longitudinal Force`Typical Large Vehicle`Reference Tires
#CheckBox0 0    

#RingCtrl0 CARPET_FROM_ZERO
#RadioCtrl0 0    
#RadioCtrl1 0    

*3D_XLabel Vertical load (N)
*3D_YLabel Abs. slip ratio [Kappa] (-)
*3D_ZLabel Abs. longitudinal tire force Fx (N)

#DiagramTwo0
*3D_DATA 5, 50 ! columns x rows
FX_TIRE_CARPET 2D_FROM_ZERO
0, 2200, 4125, 6250, 8105, 10525
0.01, 378.715, 757.441, 1136.16, 1514.88, 1893.6
0.02, 733.001, 1466.01, 2199.01, 2932.02, 3665.02
0.03, 1046.57, 2093.14, 3139.71, 4186.27, 5232.84
0.04, 1311.26, 2622.53, 3933.79, 5245.06, 6556.32
0.05, 1523.02, 3046.05, 4569.06, 6092.08, 7615.11
0.06, 1689.98, 3379.97, 5069.95, 6759.94, 8449.92
0.07, 1816.23, 3632.45, 5448.67, 7264.89, 9081.12
0.08, 1909.89, 3819.77, 5729.66, 7639.54, 9549.43
0.09, 1979.11, 3958.22, 5937.35, 7916.46, 9895.56
0.1, 2027.98, 4055.96, 6083.95, 8111.92, 10139.9
0.11, 2062.6, 4125.19, 6187.78, 8250.38, 10312.9
0.12, 2084.99, 4169.99, 6254.98, 8339.96, 10424.9
0.13, 2097.21, 4194.42, 6291.63, 8388.83, 10486
0.14, 2105.35, 4210.71, 6316.06, 8421.41, 10526.8
0.15, 2107.39, 4214.78, 6322.17, 8429.56, 10536.9
0.16, 2108.29, 4216.58, 6324.87, 8433.17, 10541.4
0.17, 2107.15, 4214.29, 6321.44, 8428.58, 10535.8
0.18, 2103.95, 4207.89, 6311.84, 8415.78, 10519.8
0.19, 2098.68, 4197.36, 6296.04, 8394.72, 10493.4
0.2, 2093.39, 4186.79, 6280.18, 8373.57, 10467
0.21, 2086.02, 4172.06, 6258.08, 8344.11, 10430.1
0.22, 2078.64, 4157.26, 6235.9, 8314.54, 10393.1
0.23, 2071.21, 4142.43, 6213.64, 8284.85, 10356.1
0.24, 2063.76, 4127.53, 6191.29, 8255.05, 10318.8
0.25, 2054.22, 4108.44, 6162.66, 8216.89, 10271.1
0.26, 2046.71, 4093.42, 6140.13, 8186.85, 10233.5
0.27, 2039.17, 4078.34, 6117.52, 8156.7, 10195.9
0.28, 2031.61, 4063.21, 6094.82, 8126.44, 10158
0.29, 2024.01, 4048.02, 6072.04, 8096.05, 10120.1
0.3, 2016.39, 4032.78, 6049.17, 8065.56, 10081.9
0.31, 2008.74, 4017.47, 6026.22, 8034.96, 10043.7
0.32, 2001.06, 4002.12, 6003.18, 8004.24, 10005.3
0.33, 1995.43, 3990.88, 5986.31, 7981.76, 9977.22
0.34, 1987.71, 3975.4, 5963.11, 7950.82, 9938.49
0.35, 1982.04, 3964.07, 5946.11, 7928.15, 9910.19
0.36, 1976.34, 3952.68, 5929.03, 7905.37, 9881.71
0.37, 1970.63, 3941.26, 5911.89, 7882.51, 9853.12
0.38, 1964.89, 3929.78, 5894.67, 7859.57, 9824.43
0.39, 1959.13, 3918.26, 5877.39, 7836.52, 9795.65
0.4, 1953.35, 3906.7, 5860.05, 7813.39, 9766.77
0.43, 1946.44, 3892.88, 5839.32, 7785.77, 9732.21
0.45, 1930.46, 3860.91, 5791.37, 7721.83, 9652.28
0.48, 1919.04, 3838.09, 5757.13, 7676.19, 9595.23
0.5, 1911.35, 3822.71, 5734.06, 7645.41, 9556.77
0.53, 1901.83, 3803.66, 5705.49, 7607.32, 9509.16
0.55, 1896.12, 3792.25, 5688.37, 7584.49, 9480.62
0.58, 1890.69, 3781.39, 5672.08, 7562.77, 9453.47
0.6, 1884.85, 3769.7, 5654.56, 7539.41, 9424.26
0.9, 1876.67, 3753.35, 5630.02, 7506.69, 9383.36
1, 1876.67, 3753.35, 5630.02, 7506.69, 9383.36
ENDTABLE

MU_REF_X 0.9


LOG_ENTRY Used Dataset: Tire: Longitudinal Force; { Reference Tires } Typical Large Vehicle
#Library : Tire: Longitudinal Force
#DataSet : Typical Large Vehicle
#Category: Reference Tires
#FileID  : TireFx_2f9555b5-1977-4fad-8e34-de4e506a6413
#Product : CarSim 2020.0
#VehCode Tire: Fx

END
