PARSFILE
#FullDataName Steering: Power Assist Force`B-Class Hatchback, Not Spd Sens`B-Class
#CheckBox0 0    

#RingCtrl0 SPLINE
#RingCtrl1 CONSTANT
#RingCtrl2 ADD
F_BOOST_R_COMBINE ADD
#DiagramOne0
F_BOOST_R_TABLE SPLINE
-8.1, -2976.2
-7.965, -2901.8
-7.83, -2827.4
-7.695, -2753
-7.56, -2678.6
-7.425, -2604.2
-7.29, -2529.8
-7.155, -2455.4
-7.02, -2381
-6.885, -2306.6
-6.75, -2232.2
-6.615, -2157.8
-6.48, -2083.4
-6.345, -2009
-6.21, -1934.6
-6.075, -1860.2
-5.94, -1785.7
-5.805, -1711.3
-5.67, -1636.9
-5.13, -1391.4
-4.995, -1343
-4.86, -1294.7
-4.725, -1246.3
-4.59, -1197.9
-4.455, -1149.6
-4.32, -1101.2
-4.185, -1052.8
-4.05, -1004.5
-3.915, -956.12
-3.78, -907.75
-3.645, -859.39
-3.51, -811.03
-3.375, -762.66
-3.24, -714.3
-3.105, -665.93
-2.97, -617.57
-2.835, -569.21
-2.7, -520.84
-2.565, -472.48
-2.43, -424.12
-2.295, -375.75
-2.16, -327.39
-2.025, -279.02
-1.89, -230.66
-1.755, -182.3
-1.62, -133.93
-1.08, -29.762
-0.945, -26.042
-0.81, -22.322
-0.675, -18.602
-0.54, -14.881
-0.405, -11.161
-0.27, -7.4406
-0.135, -3.7203
0, 0
0.135, 3.7203
0.27, 7.4406
0.405, 11.161
0.54, 14.881
0.675, 18.602
0.81, 22.322
0.945, 26.042
1.08, 29.762
1.62, 133.93
1.755, 182.3
1.89, 230.66
2.025, 279.02
2.16, 327.39
2.295, 375.75
2.43, 424.12
2.565, 472.48
2.7, 520.84
2.835, 569.21
2.97, 617.57
3.105, 665.93
3.24, 714.3
3.375, 762.66
3.51, 811.03
3.645, 859.39
3.78, 907.75
3.915, 956.12
4.05, 1004.5
4.185, 1052.8
4.32, 1101.2
4.455, 1149.6
4.59, 1197.9
4.725, 1246.3
4.86, 1294.7
4.995, 1343
5.13, 1391.4
5.67, 1636.9
5.805, 1711.3
5.94, 1785.7
6.075, 1860.2
6.21, 1934.6
6.345, 2009
6.48, 2083.4
6.615, 2157.8
6.75, 2232.2
6.885, 2306.6
7.02, 2381
7.155, 2455.4
7.29, 2529.8
7.425, 2604.2
7.56, 2678.6
7.695, 2753
7.83, 2827.4
7.965, 2901.8
8.1, 2976.2
ENDTABLE
F_BOOST_R_V_CONSTANT 0
#RadioCtrl0 0    
#RadioCtrl1 0    

*SCALAR2 0
TC_BOOST 0.04
F_BOOST_MAX 3000


LOG_ENTRY Used Dataset: Steering: Power Assist Force; { B-Class } B-Class Hatchback, Not Spd Sens
#Library : Steering: Power Assist Force
#DataSet : B-Class Hatchback, Not Spd Sens
#Category: B-Class
#FileID  : FBoost_93e2df28-9d34-4567-ba85-0c68dedbe5d2
#Product : CarSim 2020.0
#VehCode Power Assist Force

END
