PARSFILE
#FullDataName Steering: Power Assist Force`E-Class SUV: Not Speed Sensitive`E-Class
#CheckBox0 0    

#RingCtrl0 SPLINE
#RingCtrl1 CONSTANT
#RingCtrl2 ADD
F_BOOST_R_COMBINE ADD
#DiagramOne0
F_BOOST_R_TABLE SPLINE
-7.92, -6192.8
-7.788, -6037.9
-7.656, -5883.1
-7.524, -5728.3
-7.392, -5573.4
-7.26, -5418.6
-7.128, -5263.8
-6.996, -5109
-6.864, -4954.2
-6.732, -4799.3
-6.6, -4644.5
-6.468, -4489.8
-6.336, -4334.9
-6.204, -4180.1
-6.072, -4025.2
-5.94, -3870.4
-5.808, -3715.6
-5.676, -3560.8
-5.544, -3406
-5.016, -2895.1
-4.884, -2794.4
-4.752, -2693.8
-4.62, -2593.2
-4.488, -2492.6
-4.356, -2392
-4.224, -2291.3
-4.092, -2190.7
-3.96, -2090
-3.828, -1989.4
-3.696, -1888.8
-3.564, -1788.2
-3.432, -1687.5
-3.3, -1586.9
-3.168, -1486.2
-3.036, -1385.6
-2.904, -1285
-2.772, -1184.4
-2.64, -1083.7
-2.508, -983.06
-2.376, -882.5
-2.244, -781.86
-2.112, -681.2
-1.98, -580.57
-1.848, -479.93
-1.716, -379.3
-1.584, -278.67
-1.056, -61.927
-0.924, -54.186
-0.792, -46.445
-0.66, -38.704
-0.528, -30.963
-0.396, -23.222
-0.264, -15.481
-0.132, -7.7408
0, 0
0.132, 7.7408
0.264, 15.481
0.396, 23.222
0.528, 30.963
0.66, 38.704
0.792, 46.445
0.924, 54.186
1.056, 61.927
1.584, 278.67
1.716, 379.3
1.848, 479.93
1.98, 580.57
2.112, 681.2
2.244, 781.86
2.376, 882.5
2.508, 983.06
2.64, 1083.7
2.772, 1184.4
2.904, 1285
3.036, 1385.6
3.168, 1486.2
3.3, 1586.9
3.432, 1687.5
3.564, 1788.2
3.696, 1888.8
3.828, 1989.4
3.96, 2090
4.092, 2190.7
4.224, 2291.3
4.356, 2392
4.488, 2492.6
4.62, 2593.2
4.752, 2693.8
4.884, 2794.4
5.016, 2895.1
5.544, 3406
5.676, 3560.8
5.808, 3715.6
5.94, 3870.4
6.072, 4025.2
6.204, 4180.1
6.336, 4334.9
6.468, 4489.8
6.6, 4644.5
6.732, 4799.3
6.864, 4954.2
6.996, 5109
7.128, 5263.8
7.26, 5418.6
7.392, 5573.4
7.524, 5728.3
7.656, 5883.1
7.788, 6037.9
7.92, 6192.8
ENDTABLE
F_BOOST_R_V_CONSTANT 0
#RadioCtrl0 0    
#RadioCtrl1 0    

*SCALAR2 0
TC_BOOST 0.04
F_BOOST_MAX 7000


LOG_ENTRY Used Dataset: Steering: Power Assist Force; { E-Class } E-Class SUV: Not Speed Sensitive
#Library : Steering: Power Assist Force
#DataSet : E-Class SUV: Not Speed Sensitive
#Category: E-Class
#FileID  : FBoost_36f2bd30-1cdf-49f9-9003-22bb3cffec7f
#Product : CarSim 2020.0
#VehCode Power Assist Force

END
