PARSFILE
#FullDataName Steering: Power Assist Force`Symetrical, High Boost Curve`Speed Sensitive
#CheckBox0 0    

#RingCtrl0 2D_SPLINE
*3D_XLabel Vehicle speed (kph)
*3D_YLabel Torsion bar torque (N-m)
*3D_ZLabel Power assist force (N)

#DiagramTwo0
*3D_DATA 6, 63 ! columns x rows
F_BOOST_R_CARPET 2D_SPLINE
0, 0, 20, 50, 80, 120, 200
-16, -2500, -2500, -2500, -2500, -2500, -2500
-15, -2500, -2500, -2500, -2500, -2500, -2500
-14.5, -2500, -2500, -2500, -2500, -2500, -2500
-14, -2500, -2500, -2500, -2500, -2500, -2500
-13.5, -2500, -2500, -2500, -2500, -2500, -2500
-13, -2500, -2500, -2500, -2500, -2500, -2500
-12.5, -2500, -2500, -2500, -2500, -2500, -2500
-12, -2500, -2500, -2500, -2500, -2500, -2500
-11.5, -2500, -2500, -2500, -2500, -2266.8, -2141.32
-11, -2500, -2420, -2427.94, -2280.85, -1736.13, -1500.51
-10.5, -2500, -2205, -2063.12, -1815.93, -1313.29, -1034.22
-10, -2500, -2000, -1739.25, -1429.79, -980, -700
-9.5, -2500, -1805, -1453.43, -1112.03, -720.39, -464.39
-9, -2500, -1620, -1202.85, -853.22, -520.81, -301.33
-8.5, -2500, -1445, -984.76, -644.8, -369.61, -190.74
-8, -2500, -1280, -796.49, -479.09, -256.9, -117.44
-7.5, -2500, -1125, -635.44, -349.2, -174.42, -70.08
-7, -2500, -980, -499.12, -249.03, -115.3, -40.35
-6.5, -2500, -845, -385.09, -173.2, -73.91, -22.31
-6, -2500, -720, -291, -117.01, -45.72, -11.76
-5.5, -2500, -605, -214.6, -76.39, -27.13, -5.86
-5, -2500, -500, -153.73, -47.89, -15.31, -2.73
-4.5, -2278.13, -405, -106.32, -28.58, -8.14, -1.18
-4, -1600, -320, -70.4, -16.05, -4.01, -0.46
-3.5, -1071.88, -245, -44.12, -8.34, -1.8, -0.16
-3, -675, -180, -25.72, -3.92, -0.71, -0.05
-2.5, -390.63, -125, -13.59, -1.6, -0.24, -0.01
-2, -200, -80, -6.22, -0.54, -0.06, 0
-1.5, -84.38, -45, -2.27, -0.13, -0.01, 0
-1, -25, -20, -0.55, -0.02, 0, 0
-0.5, -3.13, -5, -0.05, 0, 0, 0
0, 0, 0, 0, 0, 0, 0
0.5, 3.13, 5, 0.05, 0, 0, 0
1, 25, 20, 0.55, 0.02, 0, 0
1.5, 84.38, 45, 2.27, 0.13, 0.01, 0
2, 200, 80, 6.22, 0.54, 0.06, 0
2.5, 390.63, 125, 13.59, 1.6, 0.24, 0.01
3, 675, 180, 25.72, 3.92, 0.71, 0.05
3.5, 1071.88, 245, 44.12, 8.34, 1.8, 0.16
4, 1600, 320, 70.4, 16.05, 4.01, 0.46
4.5, 2278.13, 405, 106.32, 28.58, 8.14, 1.18
5, 2500, 500, 153.73, 47.89, 15.31, 2.73
5.5, 2500, 605, 214.6, 76.39, 27.13, 5.86
6, 2500, 720, 291, 117.01, 45.72, 11.76
6.5, 2500, 845, 385.09, 173.2, 73.91, 22.31
7, 2500, 980, 499.12, 249.03, 115.3, 40.35
7.5, 2500, 1125, 635.44, 349.2, 174.42, 70.08
8, 2500, 1280, 796.49, 479.09, 256.9, 117.44
8.5, 2500, 1445, 984.76, 644.8, 369.61, 190.74
9, 2500, 1620, 1202.85, 853.22, 520.81, 301.33
9.5, 2500, 1805, 1453.43, 1112.03, 720.39, 464.39
10, 2500, 2000, 1739.25, 1429.79, 980, 700
10.5, 2500, 2205, 2063.12, 1815.93, 1313.29, 1034.22
11, 2500, 2420, 2427.94, 2280.85, 1736.13, 1500.51
11.5, 2500, 2500, 2500, 2500, 2266.8, 2141.32
12, 2500, 2500, 2500, 2500, 2500, 2500
12.5, 2500, 2500, 2500, 2500, 2500, 2500
13, 2500, 2500, 2500, 2500, 2500, 2500
13.5, 2500, 2500, 2500, 2500, 2500, 2500
14, 2500, 2500, 2500, 2500, 2500, 2500
14.5, 2500, 2500, 2500, 2500, 2500, 2500
15, 2500, 2500, 2500, 2500, 2500, 2500
16, 2500, 2500, 2500, 2500, 2500, 2500
ENDTABLE

#RadioCtrl0 0    
#RadioCtrl1 0    

TC_BOOST 0.02
F_BOOST_MAX 2500


LOG_ENTRY Used Dataset: Steering: Power Assist Force; { Speed Sensitive } Symetrical, High Boost Curve
#Library : Steering: Power Assist Force
#DataSet : Symetrical, High Boost Curve
#Category: Speed Sensitive
#FileID  : FBoost_a0b35a68-329f-4ad0-9619-afbe8234a092
#Product : CarSim 2020.0
#VehCode Power Assist Force

END
