PARSFILE
#FullDataName Steering: Power Assist Force`D-Class Sedan, Not Spd Sens`D-Class
#CheckBox0 0    

#RingCtrl0 SPLINE
#RingCtrl1 CONSTANT
#RingCtrl2 ADD
F_BOOST_R_COMBINE ADD
#DiagramOne0
F_BOOST_R_TABLE SPLINE
-8.85, -7841.4
-8.7, -7640.4
-8.55, -7439.3
-8.4, -7238.2
-8.25, -7037.2
-8.1, -6836.1
-7.95, -6635
-7.8, -6434
-7.65, -6232.9
-7.5, -6031.9
-7.35, -5830.8
-7.2, -5629.7
-7.05, -5428.7
-6.9, -5227.6
-6.75, -5026.5
-6.6, -4825.5
-6.45, -4624.4
-6.3, -4423.4
-5.7, -3759.9
-5.55, -3629.2
-5.4, -3498.5
-5.25, -3367.8
-5.1, -3237.1
-4.95, -3106.4
-4.8, -2975.7
-4.65, -2845
-4.5, -2714.3
-4.35, -2583.6
-4.2, -2453
-4.05, -2322.3
-3.9, -2191.6
-3.75, -2060.9
-3.6, -1930.2
-3.45, -1799.5
-3.3, -1668.8
-3.15, -1538.1
-3, -1407.4
-2.85, -1276.7
-2.7, -1146.1
-2.55, -1015.4
-2.4, -884.67
-2.25, -753.98
-2.1, -623.29
-1.95, -492.6
-1.8, -361.91
-1.2, -80.425
-1.05, -70.372
-0.9, -60.319
-0.75, -50.265
-0.6, -40.212
-0.45, -30.159
-0.3, -20.106
-0.15, -10.053
0, 0
0.15, 10.053
0.3, 20.106
0.45, 30.159
0.6, 40.212
0.75, 50.265
0.9, 60.319
1.05, 70.372
1.2, 80.425
1.8, 361.91
1.95, 492.6
2.1, 623.29
2.25, 753.98
2.4, 884.67
2.55, 1015.4
2.7, 1146.1
2.85, 1276.7
3, 1407.4
3.15, 1538.1
3.3, 1668.8
3.45, 1799.5
3.6, 1930.2
3.75, 2060.9
3.9, 2191.6
4.05, 2322.3
4.2, 2453
4.35, 2583.6
4.5, 2714.3
4.65, 2845
4.8, 2975.7
4.95, 3106.4
5.1, 3237.1
5.25, 3367.8
5.4, 3498.5
5.55, 3629.2
5.7, 3759.9
6.3, 4423.4
6.45, 4624.4
6.6, 4825.5
6.75, 5026.5
6.9, 5227.6
7.05, 5428.7
7.2, 5629.7
7.35, 5830.8
7.5, 6031.9
7.65, 6232.9
7.8, 6434
7.95, 6635
8.1, 6836.1
8.25, 7037.2
8.4, 7238.2
8.55, 7439.3
8.7, 7640.4
8.85, 7841.4
9, 8042.5
ENDTABLE
F_BOOST_R_V_CONSTANT 0
#RadioCtrl0 0    
#RadioCtrl1 0    

*SCALAR2 0
TC_BOOST 0.025
F_BOOST_MAX 10000


LOG_ENTRY Used Dataset: Steering: Power Assist Force; { D-Class } D-Class Sedan, Not Spd Sens
#Library : Steering: Power Assist Force
#DataSet : D-Class Sedan, Not Spd Sens
#Category: D-Class
#FileID  : FBoost_0179f836-8d46-4262-ba17-8cccf2e143b4
#Product : CarSim 2020.0
#VehCode Power Assist Force

END
