PARSFILE
#FullDataName Steering System: Kinematics for 2 Wheels (Rack & Pinion)`A-Class, Hatchback`CS A-Class
#CheckBox0 0    

#RingCtrl0 SPLINE
#RingCtrl1 SPLINE

iside 2
#DiagramOne0
RACK_KIN_TABLE SPLINE
-61.875, -34.5134877
-61.25, -34.08258025
-60.625, -33.65381821
-60, -33.22718486
-59.375, -32.80266367
-58.75, -32.38023827
-58.125, -31.95989246
-57.5, -31.54161018
-56.875, -31.12537554
-56.25, -30.71117276
-55.625, -30.29898622
-55, -29.88880039
-54.375, -29.48059989
-53.75, -29.07436943
-53.125, -28.67009386
-52.5, -28.26775811
-51.875, -27.8673472
-51.25, -27.46884627
-50.625, -27.07224054
-50, -26.67751532
-49.375, -26.28465599
-48.75, -25.89364803
-48.125, -25.504477
-47.5, -25.11712851
-46.875, -24.73158826
-46.25, -24.34784203
-45.625, -23.96587565
-45, -23.58567503
-44.375, -23.20722612
-43.75, -22.83051497
-43.125, -22.45552766
-42.5, -22.08225034
-41.875, -21.71066921
-41.25, -21.34077055
-40.625, -20.97254066
-40, -20.60596593
-39.375, -20.24103279
-38.75, -19.8777277
-38.125, -19.5160372
-37.5, -19.15594787
-36.875, -18.79744635
-36.25, -18.44051931
-35.625, -18.08515347
-35, -17.73133563
-34.375, -17.3790526
-33.75, -17.02829125
-33.125, -16.6790385
-32.5, -16.33128132
-31.875, -15.98500671
-31.25, -15.64020173
-30.625, -15.29685347
-30, -14.95494909
-29.375, -14.61447577
-28.75, -14.27542074
-28.125, -13.93777128
-27.5, -13.60151472
-26.875, -13.2666384
-26.25, -12.93312974
-25.625, -12.60097619
-25, -12.27016524
-24.375, -11.94068441
-23.75, -11.6125213
-23.125, -11.28566351
-22.5, -10.9600987
-21.875, -10.63581457
-21.25, -10.31279887
-20.625, -9.991039366
-20, -9.670523893
-19.375, -9.351240309
-18.75, -9.033176515
-18.125, -8.716320456
-17.5, -8.40066011
-16.875, -8.0861835
-16.25, -7.772878683
-15.625, -7.460733758
-15, -7.14973686
-14.375, -6.839876163
-13.75, -6.531139877
-13.125, -6.22351625
-12.5, -5.916993566
-11.875, -5.611560146
-11.25, -5.307204346
-10.625, -5.003914557
-10, -4.701679206
-9.375, -4.400486753
-8.75, -4.100325694
-8.125, -3.801184555
-7.5, -3.503051898
-6.875, -3.205916315
-6.25, -2.909766432
-5.625, -2.614590905
-5, -2.32037842
-4.375, -2.027117693
-3.75, -1.73479747
-3.125, -1.443406526
-2.5, -1.152933662
-1.875, -0.863367709
-1.25, -0.574697522
-0.625, -0.286911984
0, 0
0.625, 0.286049497
1.25, 0.571247554
1.875, 0.855605192
2.5, 1.139133413
3.125, 1.421843197
3.75, 1.703745504
4.375, 1.984851275
5, 2.265171433
5.625, 2.544716883
6.25, 2.823498515
6.875, 3.101527204
7.5, 3.378813808
8.125, 3.655369176
8.75, 3.931204141
9.375, 4.206329529
10, 4.480756153
10.625, 4.75449482
11.25, 5.027556327
11.875, 5.299951467
12.5, 5.571691027
13.125, 5.84278579
13.75, 6.113246539
14.375, 6.383084054
15, 6.652309115
15.625, 6.920932506
16.25, 7.188965011
16.875, 7.456417423
17.5, 7.723300538
18.125, 7.989625161
18.75, 8.255402106
19.375, 8.520642199
20, 8.785356278
20.625, 9.049555195
21.25, 9.313249819
21.875, 9.576451036
22.5, 9.839169753
23.125, 10.1014169
23.75, 10.36320342
24.375, 10.6245403
25, 10.88543855
25.625, 11.14590919
26.25, 11.40596329
26.875, 11.66561195
27.5, 11.92486631
28.125, 12.18373755
28.75, 12.44223687
29.375, 12.70037554
30, 12.95816487
30.625, 13.2156162
31.25, 13.47274094
31.875, 13.72955055
32.5, 13.98605653
33.125, 14.24227047
33.75, 14.498204
34.375, 14.75386882
35, 15.0092767
35.625, 15.26443947
36.25, 15.51936905
36.875, 15.77407743
37.5, 16.02857669
38.125, 16.28287899
38.75, 16.53699656
39.375, 16.79094176
40, 17.04472701
40.625, 17.29836486
41.25, 17.55186794
41.875, 17.805249
42.5, 18.05852091
43.125, 18.31169665
43.75, 18.56478931
44.375, 18.81781213
45, 19.07077847
45.625, 19.32370184
46.25, 19.57659586
46.875, 19.82947434
47.5, 20.08235121
48.125, 20.33524058
48.75, 20.58815673
49.375, 20.8411141
50, 21.0941273
50.625, 21.34721116
51.25, 21.60038066
51.875, 21.85365101
52.5, 22.10703762
53.125, 22.36055613
53.75, 22.61422236
54.375, 22.86805242
55, 23.12206262
55.625, 23.37626954
56.25, 23.63069001
56.875, 23.88534114
57.5, 24.14024032
58.125, 24.39540522
58.75, 24.65085383
59.375, 24.90660443
60, 25.16267566
60.625, 25.41908646
61.25, 25.67585616
61.875, 25.93300444
62.5, 26.19055136
ENDTABLE

iside 1
#DiagramOne1
RACK_KIN_TABLE SPLINE
-62.5, -26.19055136
-61.875, -25.93300444
-61.25, -25.67585616
-60.625, -25.41908646
-60, -25.16267566
-59.375, -24.90660443
-58.75, -24.65085383
-58.125, -24.39540522
-57.5, -24.14024032
-56.875, -23.88534114
-56.25, -23.63069001
-55.625, -23.37626954
-55, -23.12206262
-54.375, -22.86805242
-53.75, -22.61422236
-53.125, -22.36055613
-52.5, -22.10703762
-51.875, -21.85365101
-51.25, -21.60038066
-50.625, -21.34721116
-50, -21.0941273
-49.375, -20.8411141
-48.75, -20.58815673
-48.125, -20.33524058
-47.5, -20.08235121
-46.875, -19.82947434
-46.25, -19.57659586
-45.625, -19.32370184
-45, -19.07077847
-44.375, -18.81781213
-43.75, -18.56478931
-43.125, -18.31169665
-42.5, -18.05852091
-41.875, -17.805249
-41.25, -17.55186794
-40.625, -17.29836486
-40, -17.04472701
-39.375, -16.79094176
-38.75, -16.53699656
-38.125, -16.28287899
-37.5, -16.02857669
-36.875, -15.77407743
-36.25, -15.51936905
-35.625, -15.26443947
-35, -15.0092767
-34.375, -14.75386882
-33.75, -14.498204
-33.125, -14.24227047
-32.5, -13.98605653
-31.875, -13.72955055
-31.25, -13.47274094
-30.625, -13.2156162
-30, -12.95816487
-29.375, -12.70037554
-28.75, -12.44223687
-28.125, -12.18373755
-27.5, -11.92486631
-26.875, -11.66561195
-26.25, -11.40596329
-25.625, -11.14590919
-25, -10.88543855
-24.375, -10.6245403
-23.75, -10.36320342
-23.125, -10.1014169
-22.5, -9.839169753
-21.875, -9.576451036
-21.25, -9.313249819
-20.625, -9.049555195
-20, -8.785356278
-19.375, -8.520642199
-18.75, -8.255402106
-18.125, -7.989625161
-17.5, -7.723300538
-16.875, -7.456417423
-16.25, -7.188965011
-15.625, -6.920932506
-15, -6.652309115
-14.375, -6.383084054
-13.75, -6.113246539
-13.125, -5.84278579
-12.5, -5.571691027
-11.875, -5.299951467
-11.25, -5.027556327
-10.625, -4.75449482
-10, -4.480756153
-9.375, -4.206329529
-8.75, -3.931204141
-8.125, -3.655369176
-7.5, -3.378813808
-6.875, -3.101527204
-6.25, -2.823498515
-5.625, -2.544716883
-5, -2.265171433
-4.375, -1.984851275
-3.75, -1.703745504
-3.125, -1.421843197
-2.5, -1.139133413
-1.875, -0.855605192
-1.25, -0.571247554
-0.625, -0.286049497
0, 0
0.625, 0.286911984
1.25, 0.574697522
1.875, 0.863367709
2.5, 1.152933662
3.125, 1.443406526
3.75, 1.73479747
4.375, 2.027117693
5, 2.32037842
5.625, 2.614590905
6.25, 2.909766432
6.875, 3.205916315
7.5, 3.503051898
8.125, 3.801184555
8.75, 4.100325694
9.375, 4.400486753
10, 4.701679206
10.625, 5.003914557
11.25, 5.307204346
11.875, 5.611560146
12.5, 5.916993566
13.125, 6.22351625
13.75, 6.531139877
14.375, 6.839876163
15, 7.14973686
15.625, 7.460733758
16.25, 7.772878683
16.875, 8.0861835
17.5, 8.40066011
18.125, 8.716320456
18.75, 9.033176515
19.375, 9.351240309
20, 9.670523893
20.625, 9.991039366
21.25, 10.31279887
21.875, 10.63581457
22.5, 10.9600987
23.125, 11.28566351
23.75, 11.6125213
24.375, 11.94068441
25, 12.27016524
25.625, 12.60097619
26.25, 12.93312974
26.875, 13.2666384
27.5, 13.60151472
28.125, 13.93777128
28.75, 14.27542074
29.375, 14.61447577
30, 14.95494909
30.625, 15.29685347
31.25, 15.64020173
31.875, 15.98500671
32.5, 16.33128132
33.125, 16.6790385
33.75, 17.02829125
34.375, 17.3790526
35, 17.73133563
35.625, 18.08515347
36.25, 18.44051931
36.875, 18.79744635
37.5, 19.15594787
38.125, 19.5160372
38.75, 19.8777277
39.375, 20.24103279
40, 20.60596593
40.625, 20.97254066
41.25, 21.34077055
41.875, 21.71066921
42.5, 22.08225034
43.125, 22.45552766
43.75, 22.83051497
44.375, 23.20722612
45, 23.58567503
45.625, 23.96587565
46.25, 24.34784203
46.875, 24.73158826
47.5, 25.11712851
48.125, 25.504477
48.75, 25.89364803
49.375, 26.28465599
50, 26.67751532
50.625, 27.07224054
51.25, 27.46884627
51.875, 27.8673472
52.5, 28.26775811
53.125, 28.67009386
53.75, 29.07436943
54.375, 29.48059989
55, 29.88880039
55.625, 30.29898622
56.25, 30.71117276
56.875, 31.12537554
57.5, 31.54161018
58.125, 31.95989246
58.75, 32.38023827
59.375, 32.80266367
60, 33.22718486
60.625, 33.65381821
61.25, 34.08258025
61.875, 34.5134877
62.5, 34.94655745
ENDTABLE
#RadioCtrl0 0    
#RadioCtrl1 0    



LOG_ENTRY Used Dataset: Steering System: Kinematics for 2 Wheels (Rack & Pinion); { CS A-Class } A-Class, Hatchback
#Library : Steering System: Kinematics for 2 Wheels (Rack & Pinion)
#DataSet : A-Class, Hatchback
#Category: CS A-Class
#FileID  : RkKin2_922125be-bb14-4125-96e0-86ba7c500ae0
#Product : CarSim 2020.0
#VehCode Steer Kinematics

END
