PARSFILE
#FullDataName Steering System: Kinematics for 2 Wheels (Rack & Pinion)`European Van`CS Pickup Trucks, SUVs, and Vans
#CheckBox0 0    

#RingCtrl0 SPLINE
#RingCtrl1 SPLINE

iside 2
#DiagramOne0
RACK_KIN_TABLE SPLINE
-68, -40.26
-65.28, -38.23
-62.56, -36.24
-59.84, -34.29
-57.12, -32.39
-54.4, -30.53
-51.68, -28.71
-48.96, -26.93
-46.24, -25.18
-43.52, -23.47
-40.8, -21.8
-38.08, -20.15
-35.36, -18.54
-32.64, -16.96
-29.92, -15.41
-27.2, -13.89
-24.48, -12.4
-21.76, -10.93
-19.04, -9.49
-16.32, -8.07
-13.6, -6.67
-10.88, -5.3
-8.16, -3.94
-5.44, -2.61
-2.72, -1.3
0, 0
2.72, 1.28
5.44, 2.54
8.16, 3.79
10.88, 5.03
13.6, 6.25
16.32, 7.46
19.04, 8.66
21.76, 9.85
24.48, 11.03
27.2, 12.2
29.92, 13.37
32.64, 14.53
35.36, 15.68
38.08, 16.83
40.8, 17.98
43.52, 19.12
46.24, 20.27
48.96, 21.41
51.68, 22.56
54.4, 23.71
57.12, 24.87
59.84, 26.03
62.56, 27.2
65.28, 28.38
68, 29.57
ENDTABLE

iside 1
#DiagramOne1
RACK_KIN_TABLE SPLINE
-68, -29.57
-65.28, -28.38
-62.56, -27.2
-59.84, -26.03
-57.12, -24.87
-54.4, -23.71
-51.68, -22.56
-48.96, -21.41
-46.24, -20.27
-43.52, -19.12
-40.8, -17.98
-38.08, -16.83
-35.36, -15.68
-32.64, -14.53
-29.92, -13.37
-27.2, -12.2
-24.48, -11.03
-21.76, -9.85
-19.04, -8.66
-16.32, -7.46
-13.6, -6.25
-10.88, -5.03
-8.16, -3.79
-5.44, -2.54
-2.72, -1.28
0, 0
2.72, 1.3
5.44, 2.61
8.16, 3.94
10.88, 5.3
13.6, 6.67
16.32, 8.07
19.04, 9.49
21.76, 10.93
24.48, 12.4
27.2, 13.89
29.92, 15.41
32.64, 16.96
35.36, 18.54
38.08, 20.15
40.8, 21.8
43.52, 23.47
46.24, 25.18
48.96, 26.93
51.68, 28.71
54.4, 30.53
57.12, 32.39
59.84, 34.29
62.56, 36.24
65.28, 38.23
68, 40.26
ENDTABLE
#RadioCtrl0 0    
#RadioCtrl1 0    

*SCALAR 0.45
*SCALAR2 0.45


LOG_ENTRY Used Dataset: Steering System: Kinematics for 2 Wheels (Rack & Pinion); { CS Pickup Trucks, SUVs, and Vans } European Van
#Library : Steering System: Kinematics for 2 Wheels (Rack & Pinion)
#DataSet : European Van
#Category: CS Pickup Trucks, SUVs, and Vans
#FileID  : RkKin2_437d9606-ef8d-4345-b4ff-6feae44bd80b
#Product : CarSim 2020.0
#VehCode Steer Kinematics

END
