PARSFILE
#FullDataName Steering System: Kinematics for 2 Wheels (Rack & Pinion)`D-Class, Sedan`CS D-Class
#CheckBox0 0    

#RingCtrl0 SPLINE
#RingCtrl1 SPLINE

iside 2
#DiagramOne0
RACK_KIN_TABLE SPLINE
-90, -44.96665455
-89.1, -44.37881522
-88.2, -43.79488254
-87.3, -43.21480358
-86.4, -42.63852718
-85.5, -42.06600389
-84.6, -41.4971858
-83.7, -40.93202649
-82.8, -40.37048091
-81.9, -39.81250528
-81, -39.25805703
-80.1, -38.70709473
-79.2, -38.15957797
-78.3, -37.61546736
-77.4, -37.07472442
-76.5, -36.53731154
-75.6, -36.00319194
-74.7, -35.4723296
-73.8, -34.94468922
-72.9, -34.42023618
-72, -33.8989365
-71.1, -33.3807568
-70.2, -32.86566428
-69.3, -32.35362665
-68.4, -31.84461216
-67.5, -31.33858951
-66.6, -30.83552786
-65.7, -30.33539681
-64.8, -29.83816635
-63.9, -29.34380686
-63, -28.85228908
-62.1, -28.36358411
-61.2, -27.87766337
-60.3, -27.39449859
-59.4, -26.9140618
-58.5, -26.43632533
-57.6, -25.96126176
-56.7, -25.48884395
-55.8, -25.01904499
-54.9, -24.55183824
-54, -24.08719725
-53.1, -23.62509581
-52.2, -23.16550794
-51.3, -22.70840783
-50.4, -22.25376989
-49.5, -21.80156871
-48.6, -21.35177906
-47.7, -20.90437591
-46.8, -20.45933437
-45.9, -20.01662974
-45, -19.57623748
-44.1, -19.13813319
-43.2, -18.70229265
-42.3, -18.26869176
-41.4, -17.83730659
-40.5, -17.40811334
-39.6, -16.98108834
-38.7, -16.55620809
-37.8, -16.13344918
-36.9, -15.71278834
-36, -15.29420246
-35.1, -14.87766851
-34.2, -14.4631636
-33.3, -14.05066497
-32.4, -13.64014997
-31.5, -13.23159605
-30.6, -12.82498079
-29.7, -12.42028188
-28.8, -12.01747711
-27.9, -11.61654439
-27, -11.21746172
-26.1, -10.82020723
-25.2, -10.42475911
-24.3, -10.03109568
-23.4, -9.639195362
-22.5, -9.249036656
-21.6, -8.860598168
-20.7, -8.473858592
-19.8, -8.088796718
-18.9, -7.705391421
-18, -7.323621668
-17.1, -6.94346651
-16.2, -6.564905083
-15.3, -6.187916606
-14.4, -5.812480378
-13.5, -5.438575778
-12.6, -5.066182263
-11.7, -4.695279365
-10.8, -4.325846688
-9.9, -3.95786391
-9, -3.591310778
-8.1, -3.226167105
-7.2, -2.862412773
-6.3, -2.500027726
-5.4, -2.138991968
-4.5, -1.779285564
-3.6, -1.420888636
-2.7, -1.063781362
-1.8, -0.70794397
-0.9, -0.35335674
0, 0
0.9, 0.352145878
1.8, 0.703100478
2.7, 1.052883344
3.6, 1.401513983
4.5, 1.749011868
5.4, 2.095396437
6.3, 2.440687102
7.2, 2.784903247
8.1, 3.128064233
9, 3.470189401
9.9, 3.811298077
10.8, 4.151409569
11.7, 4.490543179
12.6, 4.828718198
13.5, 5.165953918
14.4, 5.502269626
15.3, 5.837684618
16.2, 6.172218193
17.1, 6.505889664
18, 6.83871836
18.9, 7.170723626
19.8, 7.501924836
20.7, 7.832341388
21.6, 8.161992714
22.5, 8.490898283
23.4, 8.819077606
24.3, 9.14655024
25.2, 9.473335795
26.1, 9.799453938
27, 10.12492439
27.9, 10.44976696
28.8, 10.77400151
29.7, 11.09764799
30.6, 11.42072642
31.5, 11.74325694
32.4, 12.06525976
33.3, 12.38675522
34.2, 12.70776373
35.1, 13.02830587
36, 13.3484023
36.9, 13.66807384
37.8, 13.98734144
38.7, 14.30622619
39.6, 14.62474934
40.5, 14.94293233
41.4, 15.26079673
42.3, 15.57836432
43.2, 15.89565707
44.1, 16.21269716
45, 16.52950694
45.9, 16.84610904
46.8, 17.16252629
47.7, 17.47878176
48.6, 17.7948988
49.5, 18.110901
50.4, 18.42681227
51.3, 18.74265678
52.2, 19.05845902
53.1, 19.37424381
54, 19.69003629
54.9, 20.00586199
55.8, 20.32174677
56.7, 20.6377169
57.6, 20.95379905
58.5, 21.2700203
59.4, 21.5864082
60.3, 21.90299073
61.2, 22.21979639
62.1, 22.53685416
63, 22.85419356
63.9, 23.17184465
64.8, 23.4898381
65.7, 23.80820516
66.6, 24.12697771
67.5, 24.44618833
68.4, 24.76587025
69.3, 25.08605746
70.2, 25.4067847
71.1, 25.72808751
72, 26.05000226
72.9, 26.37256621
73.8, 26.69581753
74.7, 27.01979535
75.6, 27.34453983
76.5, 27.67009217
77.4, 27.9964947
78.3, 28.32379091
79.2, 28.65202552
80.1, 28.98124456
81, 29.31149541
81.9, 29.64282688
82.8, 29.97528928
83.7, 30.30893453
84.6, 30.64381621
85.5, 30.97998967
86.4, 31.31751213
87.3, 31.65644275
88.2, 31.99684282
89.1, 32.33877579
90, 32.68230746
ENDTABLE

iside 1
#DiagramOne1
RACK_KIN_TABLE SPLINE
-90, -32.68230746
-89.1, -32.33877579
-88.2, -31.99684282
-87.3, -31.65644275
-86.4, -31.31751213
-85.5, -30.97998967
-84.6, -30.64381621
-83.7, -30.30893453
-82.8, -29.97528928
-81.9, -29.64282688
-81, -29.31149541
-80.1, -28.98124456
-79.2, -28.65202552
-78.3, -28.32379091
-77.4, -27.9964947
-76.5, -27.67009217
-75.6, -27.34453983
-74.7, -27.01979535
-73.8, -26.69581753
-72.9, -26.37256621
-72, -26.05000226
-71.1, -25.72808751
-70.2, -25.4067847
-69.3, -25.08605746
-68.4, -24.76587025
-67.5, -24.44618833
-66.6, -24.12697771
-65.7, -23.80820516
-64.8, -23.4898381
-63.9, -23.17184465
-63, -22.85419356
-62.1, -22.53685416
-61.2, -22.21979639
-60.3, -21.90299073
-59.4, -21.5864082
-58.5, -21.2700203
-57.6, -20.95379905
-56.7, -20.6377169
-55.8, -20.32174677
-54.9, -20.00586199
-54, -19.69003629
-53.1, -19.37424381
-52.2, -19.05845902
-51.3, -18.74265678
-50.4, -18.42681227
-49.5, -18.110901
-48.6, -17.7948988
-47.7, -17.47878176
-46.8, -17.16252629
-45.9, -16.84610904
-45, -16.52950694
-44.1, -16.21269716
-43.2, -15.89565707
-42.3, -15.57836432
-41.4, -15.26079673
-40.5, -14.94293233
-39.6, -14.62474934
-38.7, -14.30622619
-37.8, -13.98734144
-36.9, -13.66807384
-36, -13.3484023
-35.1, -13.02830587
-34.2, -12.70776373
-33.3, -12.38675522
-32.4, -12.06525976
-31.5, -11.74325694
-30.6, -11.42072642
-29.7, -11.09764799
-28.8, -10.77400151
-27.9, -10.44976696
-27, -10.12492439
-26.1, -9.799453938
-25.2, -9.473335795
-24.3, -9.14655024
-23.4, -8.819077606
-22.5, -8.490898283
-21.6, -8.161992714
-20.7, -7.832341388
-19.8, -7.501924836
-18.9, -7.170723626
-18, -6.83871836
-17.1, -6.505889664
-16.2, -6.172218193
-15.3, -5.837684618
-14.4, -5.502269626
-13.5, -5.165953918
-12.6, -4.828718198
-11.7, -4.490543179
-10.8, -4.151409569
-9.9, -3.811298077
-9, -3.470189401
-8.1, -3.128064233
-7.2, -2.784903247
-6.3, -2.440687102
-5.4, -2.095396437
-4.5, -1.749011868
-3.6, -1.401513983
-2.7, -1.052883344
-1.8, -0.703100478
-0.9, -0.352145878
0, 0
0.9, 0.35335674
1.8, 0.70794397
2.7, 1.063781362
3.6, 1.420888636
4.5, 1.779285564
5.4, 2.138991968
6.3, 2.500027726
7.2, 2.862412773
8.1, 3.226167105
9, 3.591310778
9.9, 3.95786391
10.8, 4.325846688
11.7, 4.695279365
12.6, 5.066182263
13.5, 5.438575778
14.4, 5.812480378
15.3, 6.187916606
16.2, 6.564905083
17.1, 6.94346651
18, 7.323621668
18.9, 7.705391421
19.8, 8.088796718
20.7, 8.473858592
21.6, 8.860598168
22.5, 9.249036656
23.4, 9.639195362
24.3, 10.03109568
25.2, 10.42475911
26.1, 10.82020723
27, 11.21746172
27.9, 11.61654439
28.8, 12.01747711
29.7, 12.42028188
30.6, 12.82498079
31.5, 13.23159605
32.4, 13.64014997
33.3, 14.05066497
34.2, 14.4631636
35.1, 14.87766851
36, 15.29420246
36.9, 15.71278834
37.8, 16.13344918
38.7, 16.55620809
39.6, 16.98108834
40.5, 17.40811334
41.4, 17.83730659
42.3, 18.26869176
43.2, 18.70229265
44.1, 19.13813319
45, 19.57623748
45.9, 20.01662974
46.8, 20.45933437
47.7, 20.90437591
48.6, 21.35177906
49.5, 21.80156871
50.4, 22.25376989
51.3, 22.70840783
52.2, 23.16550794
53.1, 23.62509581
54, 24.08719725
54.9, 24.55183824
55.8, 25.01904499
56.7, 25.48884395
57.6, 25.96126176
58.5, 26.43632533
59.4, 26.9140618
60.3, 27.39449859
61.2, 27.87766337
62.1, 28.36358411
63, 28.85228908
63.9, 29.34380686
64.8, 29.83816635
65.7, 30.33539681
66.6, 30.83552786
67.5, 31.33858951
68.4, 31.84461216
69.3, 32.35362665
70.2, 32.86566428
71.1, 33.3807568
72, 33.8989365
72.9, 34.42023618
73.8, 34.94468922
74.7, 35.4723296
75.6, 36.00319194
76.5, 36.53731154
77.4, 37.07472442
78.3, 37.61546736
79.2, 38.15957797
80.1, 38.70709473
81, 39.25805703
81.9, 39.81250528
82.8, 40.37048091
83.7, 40.93202649
84.6, 41.4971858
85.5, 42.06600389
86.4, 42.63852718
87.3, 43.21480358
88.2, 43.79488254
89.1, 44.37881522
90, 44.96665455
ENDTABLE
#RadioCtrl0 0    
#RadioCtrl1 0    

*SCALAR 0.45
*SCALAR2 0.45


LOG_ENTRY Used Dataset: Steering System: Kinematics for 2 Wheels (Rack & Pinion); { CS D-Class } D-Class, Sedan
#Library : Steering System: Kinematics for 2 Wheels (Rack & Pinion)
#DataSet : D-Class, Sedan
#Category: CS D-Class
#FileID  : RkKin2_e0d64958-7892-48ab-a71d-115dd487a670
#Product : CarSim 2020.0
#VehCode Steer Kinematics

END
