PARSFILE
#FullDataName Steering System: Kinematics for 2 Wheels (Rack & Pinion)`E-Class, Sedan`CS E-Class
#CheckBox0 0    

#RingCtrl0 SPLINE
#RingCtrl1 SPLINE

iside 2
#DiagramOne0
RACK_KIN_TABLE SPLINE
-90, -41.911
-86.538, -39.545
-83.333, -37.453
-80.357, -35.585
-77.586, -33.903
-75, -32.379
-72.581, -30.99
-70.312, -29.719
-68.182, -28.55
-66.176, -27.472
-64.286, -26.474
-62.5, -25.546
-60.811, -24.683
-59.211, -23.877
-57.692, -23.122
-56.25, -22.415
-54.878, -21.75
-53.571, -21.124
-52.326, -20.534
-51.136, -19.976
-50, -19.447
-48.913, -18.947
-47.872, -18.472
-46.875, -18.02
-45.918, -17.59
-45, -17.18
0, 0
45, 14.002
45.918, 14.28
46.875, 14.569
47.872, 14.872
48.913, 15.187
50, 15.518
51.136, 15.864
52.326, 16.228
53.571, 16.609
54.878, 17.012
56.25, 17.435
57.692, 17.882
59.211, 18.356
60.811, 18.858
62.5, 19.392
64.286, 19.961
66.176, 20.57
68.182, 21.224
70.312, 21.928
72.581, 22.69
75, 23.519
77.586, 24.426
80.357, 25.427
83.333, 26.541
86.538, 27.796
90, 29.232
ENDTABLE

iside 1
#DiagramOne1
RACK_KIN_TABLE SPLINE
-90, -29.232
-86.538, -27.796
-83.333, -26.541
-80.357, -25.427
-77.586, -24.426
-75, -23.519
-72.581, -22.69
-70.312, -21.928
-68.182, -21.224
-66.176, -20.57
-64.286, -19.961
-62.5, -19.392
-60.811, -18.858
-59.211, -18.356
-57.692, -17.882
-56.25, -17.435
-54.878, -17.012
-53.571, -16.609
-52.326, -16.228
-51.136, -15.864
-50, -15.518
-48.913, -15.187
-47.872, -14.872
-46.875, -14.569
-45.918, -14.28
-45, -14.002
0, 0
45, 17.18
45.918, 17.59
46.875, 18.02
47.872, 18.472
48.913, 18.947
50, 19.447
51.136, 19.976
52.326, 20.534
53.571, 21.124
54.878, 21.75
56.25, 22.415
57.692, 23.122
59.211, 23.877
60.811, 24.683
62.5, 25.546
64.286, 26.474
66.176, 27.472
68.182, 28.55
70.312, 29.719
72.581, 30.99
75, 32.379
77.586, 33.903
80.357, 35.585
83.333, 37.453
86.538, 39.545
90, 41.911
ENDTABLE
#RadioCtrl0 0    
#RadioCtrl1 0    

*SCALAR 0.45
*SCALAR2 0.45


LOG_ENTRY Used Dataset: Steering System: Kinematics for 2 Wheels (Rack & Pinion); { CS E-Class } E-Class, Sedan
#Library : Steering System: Kinematics for 2 Wheels (Rack & Pinion)
#DataSet : E-Class, Sedan
#Category: CS E-Class
#FileID  : RkKin2_71dfca47-e94b-4c4a-b78a-b742eaa522c9
#Product : CarSim 2020.0
#VehCode Steer Kinematics

END
