PARSFILE
#FullDataName Steering System: Kinematics for 2 Wheels (Rack & Pinion)`D-Class, Minivan`CS D-Class
#CheckBox0 0    

#RingCtrl0 SPLINE
#RingCtrl1 SPLINE

iside 2
#DiagramOne0
RACK_KIN_TABLE SPLINE
-90, -40.89059218
-89.1, -40.36957963
-88.2, -39.85164957
-87.3, -39.33676674
-86.4, -38.8248968
-85.5, -38.31600621
-84.6, -37.81006225
-83.7, -37.30703295
-82.8, -36.80688702
-81.9, -36.30959385
-81, -35.81512345
-80.1, -35.32344645
-79.2, -34.83453401
-78.3, -34.34835783
-77.4, -33.86489012
-76.5, -33.38410356
-75.6, -32.90597128
-74.7, -32.43046685
-73.8, -31.95756423
-72.9, -31.48723777
-72, -31.01946219
-71.1, -30.55421257
-70.2, -30.09146429
-69.3, -29.63119309
-68.4, -29.17337496
-67.5, -28.71798621
-66.6, -28.26500343
-65.7, -27.81440345
-64.8, -27.36616335
-63.9, -26.92026046
-63, -26.47667235
-62.1, -26.03537679
-61.2, -25.59635176
-60.3, -25.15957545
-59.4, -24.72502626
-58.5, -24.29268274
-57.6, -23.86252365
-56.7, -23.43452792
-55.8, -23.00867464
-54.9, -22.58494307
-54, -22.1633126
-53.1, -21.74376282
-52.2, -21.32627341
-51.3, -20.91082424
-50.4, -20.49739529
-49.5, -20.08596668
-48.6, -19.67651867
-47.7, -19.26903162
-46.8, -18.86348605
-45.9, -18.45986257
-45, -18.05814192
-44.1, -17.65830495
-43.2, -17.26033262
-42.3, -16.864206
-41.4, -16.46990626
-40.5, -16.07741469
-39.6, -15.68671268
-38.7, -15.29778168
-37.8, -14.9106033
-36.9, -14.5251592
-36, -14.14143114
-35.1, -13.75940099
-34.2, -13.37905069
-33.3, -13.00036229
-32.4, -12.6233179
-31.5, -12.24789973
-30.6, -11.87409008
-29.7, -11.50187132
-28.8, -11.1312259
-27.9, -10.76213635
-27, -10.3945853
-26.1, -10.02855542
-25.2, -9.664029474
-24.3, -9.300990304
-23.4, -8.939420815
-22.5, -8.579303986
-21.6, -8.220622865
-20.7, -7.863360567
-19.8, -7.507500278
-18.9, -7.153025244
-18, -6.799918779
-17.1, -6.448164259
-16.2, -6.09774512
-15.3, -5.74864486
-14.4, -5.400847034
-13.5, -5.054335256
-12.6, -4.709093195
-11.7, -4.365104575
-10.8, -4.022353172
-9.9, -3.680822814
-9, -3.340497381
-8.1, -3.0013608
-7.2, -2.663397045
-6.3, -2.326590137
-5.4, -1.990924138
-4.5, -1.656383157
-3.6, -1.32295134
-2.7, -0.990612874
-1.8, -0.659351983
-0.9, -0.329152927
0, 0
0.9, 0.328122473
1.8, 0.655230134
2.7, 0.9813386
3.6, 1.306463458
4.5, 1.630620272
5.4, 1.953824583
6.3, 2.276091913
7.2, 2.597437761
8.1, 2.917877615
9, 3.237426944
9.9, 3.556101208
10.8, 3.873915856
11.7, 4.19088633
12.6, 4.507028066
13.5, 4.822356498
14.4, 5.13688706
15.3, 5.450635187
16.2, 5.76361632
17.1, 6.075845908
18, 6.38733941
18.9, 6.698112297
19.8, 7.008180057
20.7, 7.317558197
21.6, 7.626262245
22.5, 7.934307756
23.4, 8.241710312
24.3, 8.548485526
25.2, 8.854649046
26.1, 9.160216559
27, 9.465203794
27.9, 9.769626523
28.8, 10.07350057
29.7, 10.37684181
30.6, 10.67966618
31.5, 10.98198967
32.4, 11.28382833
33.3, 11.5851983
34.2, 11.88611578
35.1, 12.18659705
36, 12.48665847
36.9, 12.78631648
37.8, 13.08558765
38.7, 13.38448859
39.6, 13.68303607
40.5, 13.98124692
41.4, 14.27913813
42.3, 14.57672676
43.2, 14.87403004
44.1, 15.17106531
45, 15.46785005
45.9, 15.76440189
46.8, 16.06073861
47.7, 16.35687813
48.6, 16.65283858
49.5, 16.94863821
50.4, 17.2442955
51.3, 17.53982909
52.2, 17.83525782
53.1, 18.13060075
54, 18.42587714
54.9, 18.72110649
55.8, 19.01630851
56.7, 19.31150319
57.6, 19.60671074
58.5, 19.90195167
59.4, 20.19724673
60.3, 20.49261699
61.2, 20.78808381
62.1, 21.08366886
63, 21.37939413
63.9, 21.67528198
64.8, 21.9713551
65.7, 22.26763655
66.6, 22.56414979
67.5, 22.86091868
68.4, 23.1579675
69.3, 23.45532095
70.2, 23.75300421
71.1, 24.05104293
72, 24.34946325
72.9, 24.64829182
73.8, 24.94755586
74.7, 25.24728313
75.6, 25.54750198
76.5, 25.84824139
77.4, 26.14953096
78.3, 26.45140098
79.2, 26.75388243
80.1, 27.05700703
81, 27.36080726
81.9, 27.66531642
82.8, 27.97056861
83.7, 28.27659885
84.6, 28.58344305
85.5, 28.8911381
86.4, 29.19972189
87.3, 29.50923336
88.2, 29.81971258
89.1, 30.13120078
90, 30.44374039
ENDTABLE

iside 1
#DiagramOne1
RACK_KIN_TABLE SPLINE
-90, -30.44374039
-89.1, -30.13120078
-88.2, -29.81971258
-87.3, -29.50923336
-86.4, -29.19972189
-85.5, -28.8911381
-84.6, -28.58344305
-83.7, -28.27659885
-82.8, -27.97056861
-81.9, -27.66531642
-81, -27.36080726
-80.1, -27.05700703
-79.2, -26.75388243
-78.3, -26.45140098
-77.4, -26.14953096
-76.5, -25.84824139
-75.6, -25.54750198
-74.7, -25.24728313
-73.8, -24.94755586
-72.9, -24.64829182
-72, -24.34946325
-71.1, -24.05104293
-70.2, -23.75300421
-69.3, -23.45532095
-68.4, -23.1579675
-67.5, -22.86091868
-66.6, -22.56414979
-65.7, -22.26763655
-64.8, -21.9713551
-63.9, -21.67528198
-63, -21.37939413
-62.1, -21.08366886
-61.2, -20.78808381
-60.3, -20.49261699
-59.4, -20.19724673
-58.5, -19.90195167
-57.6, -19.60671074
-56.7, -19.31150319
-55.8, -19.01630851
-54.9, -18.72110649
-54, -18.42587714
-53.1, -18.13060075
-52.2, -17.83525782
-51.3, -17.53982909
-50.4, -17.2442955
-49.5, -16.94863821
-48.6, -16.65283858
-47.7, -16.35687813
-46.8, -16.06073861
-45.9, -15.76440189
-45, -15.46785005
-44.1, -15.17106531
-43.2, -14.87403004
-42.3, -14.57672676
-41.4, -14.27913813
-40.5, -13.98124692
-39.6, -13.68303607
-38.7, -13.38448859
-37.8, -13.08558765
-36.9, -12.78631648
-36, -12.48665847
-35.1, -12.18659705
-34.2, -11.88611578
-33.3, -11.5851983
-32.4, -11.28382833
-31.5, -10.98198967
-30.6, -10.67966618
-29.7, -10.37684181
-28.8, -10.07350057
-27.9, -9.769626523
-27, -9.465203794
-26.1, -9.160216559
-25.2, -8.854649046
-24.3, -8.548485526
-23.4, -8.241710312
-22.5, -7.934307756
-21.6, -7.626262245
-20.7, -7.317558197
-19.8, -7.008180057
-18.9, -6.698112297
-18, -6.38733941
-17.1, -6.075845908
-16.2, -5.76361632
-15.3, -5.450635187
-14.4, -5.13688706
-13.5, -4.822356498
-12.6, -4.507028066
-11.7, -4.19088633
-10.8, -3.873915856
-9.9, -3.556101208
-9, -3.237426944
-8.1, -2.917877615
-7.2, -2.597437761
-6.3, -2.276091913
-5.4, -1.953824583
-4.5, -1.630620272
-3.6, -1.306463458
-2.7, -0.9813386
-1.8, -0.655230134
-0.9, -0.328122473
0, 0
0.9, 0.329152927
1.8, 0.659351983
2.7, 0.990612874
3.6, 1.32295134
4.5, 1.656383157
5.4, 1.990924138
6.3, 2.326590137
7.2, 2.663397045
8.1, 3.0013608
9, 3.340497381
9.9, 3.680822814
10.8, 4.022353172
11.7, 4.365104575
12.6, 4.709093195
13.5, 5.054335256
14.4, 5.400847034
15.3, 5.74864486
16.2, 6.09774512
17.1, 6.448164259
18, 6.799918779
18.9, 7.153025244
19.8, 7.507500278
20.7, 7.863360567
21.6, 8.220622865
22.5, 8.579303986
23.4, 8.939420815
24.3, 9.300990304
25.2, 9.664029474
26.1, 10.02855542
27, 10.3945853
27.9, 10.76213635
28.8, 11.1312259
29.7, 11.50187132
30.6, 11.87409008
31.5, 12.24789973
32.4, 12.6233179
33.3, 13.00036229
34.2, 13.37905069
35.1, 13.75940099
36, 14.14143114
36.9, 14.5251592
37.8, 14.9106033
38.7, 15.29778168
39.6, 15.68671268
40.5, 16.07741469
41.4, 16.46990626
42.3, 16.864206
43.2, 17.26033262
44.1, 17.65830495
45, 18.05814192
45.9, 18.45986257
46.8, 18.86348605
47.7, 19.26903162
48.6, 19.67651867
49.5, 20.08596668
50.4, 20.49739529
51.3, 20.91082424
52.2, 21.32627341
53.1, 21.74376282
54, 22.1633126
54.9, 22.58494307
55.8, 23.00867464
56.7, 23.43452792
57.6, 23.86252365
58.5, 24.29268274
59.4, 24.72502626
60.3, 25.15957545
61.2, 25.59635176
62.1, 26.03537679
63, 26.47667235
63.9, 26.92026046
64.8, 27.36616335
65.7, 27.81440345
66.6, 28.26500343
67.5, 28.71798621
68.4, 29.17337496
69.3, 29.63119309
70.2, 30.09146429
71.1, 30.55421257
72, 31.01946219
72.9, 31.48723777
73.8, 31.95756423
74.7, 32.43046685
75.6, 32.90597128
76.5, 33.38410356
77.4, 33.86489012
78.3, 34.34835783
79.2, 34.83453401
80.1, 35.32344645
81, 35.81512345
81.9, 36.30959385
82.8, 36.80688702
83.7, 37.30703295
84.6, 37.81006225
85.5, 38.31600621
86.4, 38.8248968
87.3, 39.33676674
88.2, 39.85164957
89.1, 40.36957963
90, 40.89059218
ENDTABLE
#RadioCtrl0 0    
#RadioCtrl1 0    

*SCALAR 0.45
*SCALAR2 0.45


LOG_ENTRY Used Dataset: Steering System: Kinematics for 2 Wheels (Rack & Pinion); { CS D-Class } D-Class, Minivan
#Library : Steering System: Kinematics for 2 Wheels (Rack & Pinion)
#DataSet : D-Class, Minivan
#Category: CS D-Class
#FileID  : RkKin2_5b259ca3-4309-434a-ae84-9b5ad036eafb
#Product : CarSim 2020.0
#VehCode Steer Kinematics

END
