PARSFILE
#FullDataName Tire: Lateral Force`185/65 R15`Touring Tires
#CheckBox0 0    

#RingCtrl0 CARPET_FROM_ZERO
#RadioCtrl0 0    
#RadioCtrl1 0    

*3D_XLabel Vertical load (N)
*3D_YLabel Abs. slip angle [Alpha] (deg)
*3D_ZLabel Abs. lateral tire force Fy (N)

#DiagramTwo0
*3D_DATA 8, 51 ! columns x rows
FY_TIRE_CARPET 2D_FROM_ZERO
0, 1348.414375, 2696.82875, 4045.243125, 5393.6575, 6742.071875, 8090.48625, 9438.900625, 10787.315
0.5, 174.89, 343.18, 503.9, 656.5, 800.66, 936.13, 1062.77, 1180.47
1, 344.62, 676.39, 993.38, 1294.55, 1579.21, 1846.9, 2097.32, 2330.25
1.5, 504.59, 990.69, 1455.52, 1897.54, 2315.74, 2709.43, 3078.13, 3421.51
2, 651.17, 1279.04, 1880.06, 2452.26, 2994.33, 3505.32, 3984.59, 4431.67
2.5, 781.97, 1536.75, 2260.15, 2949.8, 3604.12, 4221.93, 4802.4, 5344.9
3, 895.9, 1761.62, 2592.47, 3385.75, 4139.61, 4852.69, 5523.94, 6152.6
3.5, 992.99, 1953.64, 2876.88, 3759.74, 4600.16, 5396.57, 6147.78, 6852.83
4, 1074.13, 2114.49, 3115.69, 4074.59, 4988.94, 5857, 6677.41, 7449.09
4.5, 1140.8, 2246.95, 3312.87, 4335.27, 5311.75, 6240.45, 7119.87, 7948.78
5, 1194.74, 2354.38, 3473.24, 4547.89, 5575.85, 6555.15, 7484.18, 8361.59
5.5, 1237.77, 2440.31, 3601.86, 4718.96, 5789.02, 6810.01, 7780.22, 8698.22
6, 1271.63, 2508.11, 3703.67, 4854.8, 5958.88, 7013.8, 8017.8, 8969.37
6.5, 1297.89, 2560.86, 3783.15, 4961.23, 6092.45, 7174.68, 8206.09, 9185.13
7, 1317.93, 2601.26, 3844.25, 5043.39, 6196, 7299.93, 8353.33, 9354.61
7.5, 1332.92, 2631.61, 3890.37, 5105.7, 6274.93, 7395.88, 8466.71, 9485.78
8, 1343.84, 2653.83, 3924.35, 5151.88, 6333.8, 7467.9, 8552.33, 9585.46
8.5, 1351.49, 2669.53, 3948.54, 5185.05, 6376.42, 7520.48, 8615.36, 9659.41
9, 1356.54, 2680, 3964.88, 5207.73, 6405.94, 7557.33, 8660.05, 9712.45
9.5, 1359.5, 2686.3, 3974.94, 5222.02, 6424.93, 7581.52, 8689.94, 9748.53
10, 1360.82, 2689.29, 3980.01, 5229.6, 6435.49, 7595.53, 8707.89, 9770.92
10.5, 1360.83, 2689.65, 3981.11, 5231.85, 6439.32, 7601.41, 8716.27, 9782.28
11, 1359.83, 2687.95, 3979.06, 5229.86, 6437.8, 7600.79, 8717, 9784.8
11.5, 1358.02, 2684.62, 3974.56, 5224.54, 6432.05, 7595.02, 8711.62, 9780.25
12, 1355.59, 2680.03, 3968.12, 5216.6, 6422.97, 7585.17, 8701.4, 9770.07
12.5, 1352.68, 2674.47, 3960.19, 5206.62, 6411.28, 7572.13, 8687.38, 9755.44
13, 1349.41, 2668.16, 3951.11, 5195.07, 6397.58, 7556.6, 8670.37, 9737.32
13.5, 1345.87, 2661.29, 3941.17, 5182.33, 6382.33, 7539.16, 8651.06, 9716.47
14, 1342.14, 2654.02, 3930.6, 5168.71, 6365.93, 7520.27, 8629.99, 9693.53
14.5, 1338.26, 2646.46, 3919.56, 5154.44, 6348.69, 7500.32, 8607.61, 9669.01
15, 1334.3, 2638.7, 3908.21, 5139.72, 6330.84, 7479.6, 8584.27, 9643.33
15.5, 1330.28, 2630.83, 3896.67, 5124.72, 6312.6, 7458.35, 8560.27, 9616.84
16, 1326.24, 2622.9, 3885.03, 5109.56, 6294.13, 7436.79, 8535.84, 9589.79
16.5, 1322.21, 2614.97, 3873.37, 5094.34, 6275.55, 7415.06, 8511.18, 9562.42
17, 1318.19, 2607.07, 3861.73, 5079.15, 6256.98, 7393.3, 8486.43, 9534.9
17.5, 1314.21, 2599.23, 3850.18, 5064.04, 6238.49, 7371.6, 8461.73, 9507.38
18, 1310.28, 2591.48, 3838.75, 5049.07, 6220.15, 7350.06, 8437.16, 9479.97
18.5, 1306.4, 2583.83, 3827.46, 5034.28, 6202, 7328.72, 8412.8, 9452.77
19, 1302.59, 2576.3, 3816.34, 5019.7, 6184.1, 7307.65, 8388.72, 9425.85
19.5, 1298.84, 2568.91, 3805.41, 5005.35, 6166.47, 7286.89, 8364.97, 9399.27
20, 1295.17, 2561.65, 3794.67, 4991.25, 6149.14, 7266.45, 8341.57, 9373.06
20.5, 1291.56, 2554.53, 3784.13, 4977.42, 6132.12, 7246.37, 8318.57, 9347.28
21, 1288.04, 2547.56, 3773.81, 4963.85, 6115.42, 7226.66, 8295.97, 9321.93
21.5, 1284.59, 2540.73, 3763.7, 4950.55, 6099.05, 7207.33, 8273.8, 9297.04
22, 1281.21, 2534.06, 3753.81, 4937.54, 6083.01, 7188.38, 8252.06, 9272.62
22.5, 1277.92, 2527.53, 3744.13, 4924.8, 6067.31, 7169.82, 8230.75, 9248.68
23, 1274.69, 2521.15, 3734.67, 4912.34, 6051.95, 7151.65, 8209.88, 9225.22
23.5, 1271.54, 2514.91, 3725.42, 4900.16, 6036.92, 7133.87, 8189.45, 9202.24
24, 1268.46, 2508.81, 3716.37, 4888.25, 6022.22, 7116.48, 8169.45, 9179.74
24.5, 1265.46, 2502.86, 3707.54, 4876.6, 6007.84, 7099.46, 8149.87, 9157.71
25, 1262.52, 2497.04, 3698.9, 4865.21, 5993.79, 7082.81, 8130.72, 9136.15
26, 1262.52, 2497.04, 3698.9, 4865.21, 5993.79, 7082.81, 8130.72, 9136.15
ENDTABLE

MU_REF_Y 1.0


LOG_ENTRY Used Dataset: Tire: Lateral Force; { Touring Tires } 185/65 R15
#Library : Tire: Lateral Force
#DataSet : 185/65 R15
#Category: Touring Tires
#FileID  : TireFy_5f7799b4-7395-47c3-ba22-21f52a15dc2d
#Product : CarSim 2020.0
#VehCode Tire: Fy

END
