PARSFILE
#FullDataName Tire: Lateral Force`205/45 R17`Performance Tires
#CheckBox0 0    

#RingCtrl0 CARPET_FROM_ZERO
#RadioCtrl0 0    
#RadioCtrl1 0    

*3D_XLabel Vertical load (N)
*3D_YLabel Abs. slip angle [Alpha] (deg)
*3D_ZLabel Abs. lateral tire force Fy (N)

#DiagramTwo0
*3D_DATA 8, 51 ! columns x rows
FY_TIRE_CARPET 2D_FROM_ZERO
0, 1348.41, 2696.83, 4045.24, 5393.66, 6742.07, 8090.49, 9438.9, 10787.32
0.5, 235.28, 461.71, 677.96, 883.33, 1077.34, 1259.69, 1430.17, 1588.65
1, 459.85, 902.69, 1325.96, 1728.27, 2108.7, 2466.63, 2801.63, 3113.42
1.5, 664.55, 1305.19, 1918.27, 2501.78, 3054.38, 3575.14, 4063.37, 4518.63
2, 843.04, 1656.81, 2436.8, 3180.46, 3886.07, 4552.37, 5178.44, 5763.61
2.5, 992.35, 1951.66, 2872.76, 3752.69, 4589.37, 5381.28, 6127.24, 6826.37
3, 1112.66, 2189.91, 3226.13, 4218.04, 5163.29, 6060.13, 6907.13, 7703.2
3.5, 1206.45, 2376.23, 3503.43, 4584.55, 5617.06, 6598.99, 7528.73, 8405
4, 1277.48, 2517.8, 3714.91, 4865.19, 5965.95, 7015.09, 8010.85, 8951.79
4.5, 1329.85, 2622.56, 3872.05, 5074.6, 6227.48, 7328.45, 8375.68, 9367.59
5, 1367.43, 2698.06, 3985.81, 5226.96, 6418.7, 7558.77, 8645.25, 9676.49
5.5, 1393.59, 2750.87, 4065.83, 5334.73, 6554.78, 7723.66, 8839.44, 9900.39
6, 1411.08, 2786.41, 4120.06, 5408.32, 6648.39, 7837.97, 8975.08, 10058
6.5, 1422.06, 2808.96, 4154.83, 5456.01, 6709.73, 7913.68, 9065.89, 10164.61
7, 1428.23, 2821.85, 4175.08, 5484.32, 6746.8, 7960.25, 9122.7, 10232.41
7.5, 1430.84, 2827.6, 4184.57, 5498.2, 6765.77, 7985.01, 9153.97, 10270.91
8, 1430.86, 2828.12, 4186.16, 5501.46, 6771.33, 7993.55, 9166.16, 10287.45
8.5, 1429.01, 2824.85, 4181.99, 5496.94, 6767.06, 7990.12, 9164.22, 10287.65
9, 1425.81, 2818.87, 4173.67, 5486.8, 6755.63, 7977.96, 9151.92, 10275.8
9.5, 1421.68, 2810.96, 4162.41, 5472.64, 6739.06, 7959.5, 9132.08, 10255.15
10, 1416.91, 2801.73, 4149.1, 5455.67, 6718.87, 7936.55, 9106.87, 10228.17
10.5, 1411.71, 2791.62, 4134.42, 5436.8, 6696.2, 7910.51, 9077.89, 10196.72
11, 1406.24, 2780.96, 4118.87, 5416.69, 6671.9, 7882.4, 9046.38, 10162.21
11.5, 1400.64, 2769.99, 4102.81, 5395.85, 6646.61, 7853, 9013.24, 10125.72
12, 1394.99, 2758.89, 4086.53, 5374.66, 6620.8, 7822.9, 8979.18, 10088.05
12.5, 1389.34, 2747.8, 4070.22, 5353.39, 6594.84, 7792.53, 8944.71, 10049.79
13, 1383.76, 2736.81, 4054.04, 5332.23, 6568.97, 7762.21, 8910.21, 10011.41
13.5, 1378.27, 2725.99, 4038.08, 5311.35, 6543.39, 7732.17, 8875.97, 9973.24
14, 1372.89, 2715.4, 4022.43, 5290.85, 6518.23, 7702.59, 8842.2, 9935.52
14.5, 1367.65, 2705.05, 4007.14, 5270.79, 6493.6, 7673.59, 8809.05, 9898.44
15, 1362.55, 2694.98, 3992.24, 5251.23, 6469.56, 7645.25, 8776.61, 9862.12
15.5, 1357.6, 2685.19, 3977.76, 5232.2, 6446.15, 7617.64, 8744.97, 9826.65
16, 1352.8, 2675.7, 3963.7, 5213.72, 6423.39, 7590.77, 8714.17, 9792.09
16.5, 1348.16, 2666.5, 3950.08, 5195.79, 6401.31, 7564.68, 8684.23, 9758.47
17, 1343.66, 2657.6, 3936.88, 5178.42, 6379.9, 7539.37, 8655.16, 9725.81
17.5, 1339.31, 2648.99, 3924.1, 5161.6, 6359.15, 7514.83, 8626.97, 9694.11
18, 1335.1, 2640.66, 3911.74, 5145.32, 6339.06, 7491.05, 8599.64, 9663.36
18.5, 1331.04, 2632.6, 3899.79, 5129.57, 6319.61, 7468.03, 8573.16, 9633.55
19, 1327.11, 2624.81, 3888.23, 5114.32, 6300.79, 7445.73, 8547.51, 9604.66
19.5, 1323.31, 2617.28, 3877.04, 5099.57, 6282.57, 7424.15, 8522.66, 9576.67
20, 1319.64, 2610, 3866.23, 5085.31, 6264.94, 7403.25, 8498.6, 9549.55
20.5, 1316.09, 2602.96, 3855.76, 5071.5, 6247.88, 7383.02, 8475.29, 9523.28
21, 1312.65, 2596.14, 3845.64, 5058.14, 6231.36, 7363.42, 8452.72, 9497.82
21.5, 1309.33, 2589.55, 3835.84, 5045.2, 6215.36, 7344.44, 8430.85, 9473.15
22, 1306.11, 2583.17, 3826.35, 5032.67, 6199.86, 7326.06, 8409.65, 9449.23
22.5, 1303, 2576.99, 3817.16, 5020.53, 6184.85, 7308.24, 8389.11, 9426.04
23, 1299.98, 2571, 3808.26, 5008.78, 6170.3, 7290.97, 8369.19, 9403.55
23.5, 1297.06, 2565.2, 3799.63, 4997.38, 6156.19, 7274.22, 8349.87, 9381.73
24, 1294.23, 2559.58, 3791.26, 4986.32, 6142.51, 7257.97, 8331.12, 9360.56
24.5, 1291.48, 2554.12, 3783.15, 4975.6, 6129.23, 7242.2, 8312.93, 9340.01
25, 1288.81, 2548.83, 3775.27, 4965.19, 6116.34, 7226.89, 8295.26, 9320.05
26, 1288.81, 2548.83, 3775.27, 4965.19, 6116.34, 7226.89, 8295.26, 9320.05
ENDTABLE

MU_REF_Y 1.0


LOG_ENTRY Used Dataset: Tire: Lateral Force; { Performance Tires } 205/45 R17
#Library : Tire: Lateral Force
#DataSet : 205/45 R17
#Category: Performance Tires
#FileID  : TireFy_87467cce-afcb-4aec-9285-c4e6b3c06fe8
#Product : CarSim 2020.0
#VehCode Tire: Fy

END
