PARSFILE
#FullDataName Tire: Lateral Force`225/60 R18`Touring Tires
#CheckBox0 0    

#RingCtrl0 CARPET_FROM_ZERO
#RadioCtrl0 0    
#RadioCtrl1 0    

*3D_XLabel Vertical load (N)
*3D_YLabel Abs. slip angle [Alpha] (deg)
*3D_ZLabel Abs. lateral tire force Fy (N)

#DiagramTwo0
*3D_DATA 8, 51 ! columns x rows
FY_TIRE_CARPET 2D_FROM_ZERO
0, 1961.33, 3922.66, 5883.99, 7845.32, 9806.65, 11767.98, 13729.31, 15690.64
0.5, 276.28, 542.17, 796.11, 1037.22, 1264.9, 1478.75, 1678.46, 1863.81
1, 543.78, 1067.29, 1567.45, 2042.53, 2491.36, 2913.12, 3307.21, 3673.19
1.5, 794.63, 1560.03, 2291.71, 2987.17, 3644.68, 4263.02, 4841.27, 5378.78
2, 1022.61, 2008.24, 2951.2, 3848.24, 4697.14, 5496.28, 6244.46, 6940.76
2.5, 1223.67, 2403.99, 3534.24, 4610.54, 5630.23, 6591.31, 7492.28, 8331.97
3, 1396.06, 2743.8, 4035.64, 5267.18, 6435.36, 7537.86, 8572.88, 9539
3.5, 1540.13, 3028.22, 4456.04, 5818.77, 7113, 8336.12, 9486.09, 10561.24
4, 1657.77, 3260.87, 4800.56, 6271.72, 7670.65, 8994.49, 10240.97, 11408.22
4.5, 1751.86, 3447.27, 5077.17, 6636.17, 8120.35, 9526.68, 10852.66, 12096.26
5, 1825.68, 3593.81, 5295.1, 6923.97, 8476.36, 9949.04, 11339.39, 12645.19
5.5, 1882.54, 3706.94, 5463.74, 7147.24, 8753.26, 10278.46, 11720.06, 13075.75
6, 1925.52, 3792.65, 5591.84, 7317.32, 8964.81, 10530.87, 12012.67, 13407.74
6.5, 1957.31, 3856.21, 5687.13, 7444.25, 9123.23, 10720.57, 12233.34, 13659.03
7, 1980.19, 3902.12, 5756.22, 7536.65, 9239.02, 10859.81, 12396.02, 13845.08
7.5, 1996.04, 3934.07, 5804.56, 7601.65, 9320.93, 10958.85, 12512.39, 13978.92
8, 2006.38, 3955.09, 5836.61, 7645.08, 9376.12, 11026.13, 12592.07, 14071.29
8.5, 2012.44, 3967.57, 5855.92, 7671.64, 9410.35, 11068.44, 12642.86, 14130.95
9, 2015.19, 3973.45, 5865.35, 7685.08, 9428.24, 11091.25, 12671.03, 14164.92
9.5, 2015.4, 3974.24, 5867.15, 7688.35, 9433.46, 11098.89, 12681.58, 14178.84
10, 2013.65, 3971.12, 5863.1, 7683.82, 9428.92, 11094.83, 12678.48, 14177.19
10.5, 2010.43, 3965.04, 5854.58, 7673.31, 9416.9, 11081.77, 12664.87, 14163.51
11, 2006.09, 3956.73, 5842.69, 7658.29, 9399.2, 11061.86, 12643.23, 14140.62
11.5, 2000.94, 3946.76, 5828.3, 7639.9, 9377.24, 11036.8, 12615.52, 14110.74
12, 1995.19, 3935.59, 5812.08, 7619.02, 9352.14, 11007.91, 12583.3, 14075.63
12.5, 1989.02, 3923.55, 5794.54, 7596.36, 9324.76, 10976.24, 12547.76, 14036.68
13, 1982.57, 3910.94, 5776.1, 7572.47, 9295.8, 10942.61, 12509.88, 13994.97
13.5, 1975.94, 3897.96, 5757.09, 7547.77, 9265.79, 10907.67, 12470.41, 13951.37
14, 1969.22, 3884.77, 5737.75, 7522.61, 9235.15, 10871.92, 12429.93, 13906.55
14.5, 1962.46, 3871.51, 5718.27, 7497.23, 9204.21, 10835.75, 12388.91, 13861.05
15, 1955.73, 3858.28, 5698.81, 7471.85, 9173.21, 10799.49, 12347.71, 13815.27
15.5, 1949.05, 3845.15, 5679.48, 7446.61, 9142.37, 10763.35, 12306.61, 13769.55
16, 1942.46, 3832.17, 5660.38, 7421.64, 9111.82, 10727.53, 12265.82, 13724.13
16.5, 1935.97, 3819.4, 5641.55, 7397.02, 9081.68, 10692.16, 12225.52, 13679.2
17, 1929.6, 3806.86, 5623.06, 7372.82, 9052.04, 10657.35, 12185.83, 13634.92
17.5, 1923.37, 3794.57, 5604.94, 7349.1, 9022.96, 10623.17, 12146.83, 13591.38
18, 1917.28, 3782.56, 5587.21, 7325.88, 8994.48, 10589.68, 12108.6, 13548.67
18.5, 1911.33, 3770.83, 5569.89, 7303.18, 8966.64, 10556.93, 12071.18, 13506.85
19, 1905.53, 3759.38, 5552.99, 7281.02, 8939.44, 10524.92, 12034.6, 13465.95
19.5, 1899.87, 3748.23, 5536.51, 7259.41, 8912.91, 10493.68, 11998.88, 13425.99
20, 1894.37, 3737.36, 5520.45, 7238.35, 8887.04, 10463.21, 11964.03, 13386.99
20.5, 1889.01, 3726.78, 5504.81, 7217.83, 8861.82, 10433.51, 11930.05, 13348.95
21, 1883.79, 3716.48, 5489.59, 7197.84, 8837.27, 10404.57, 11896.93, 13311.86
21.5, 1878.72, 3706.46, 5474.77, 7178.39, 8813.35, 10376.38, 11864.66, 13275.71
22, 1873.78, 3696.71, 5460.34, 7159.45, 8790.07, 10348.93, 11833.23, 13240.49
22.5, 1868.98, 3687.23, 5446.31, 7141.02, 8767.4, 10322.2, 11802.62, 13206.18
23, 1864.31, 3677.99, 5432.65, 7123.08, 8745.34, 10296.17, 11772.8, 13172.75
23.5, 1859.76, 3669.01, 5419.36, 7105.62, 8723.86, 10270.83, 11743.76, 13140.19
24, 1855.34, 3660.27, 5406.42, 7088.63, 8702.94, 10246.15, 11715.48, 13108.47
24.5, 1851.04, 3651.76, 5393.83, 7072.08, 8682.58, 10222.12, 11687.93, 13077.57
25, 1846.85, 3643.48, 5381.57, 7055.96, 8662.75, 10198.71, 11661.1, 13047.47
26, 1846.85, 3643.48, 5381.57, 7055.96, 8662.75, 10198.71, 11661.1, 13047.47
ENDTABLE

MU_REF_Y 1.0


LOG_ENTRY Used Dataset: Tire: Lateral Force; { Touring Tires } 225/60 R18
#Library : Tire: Lateral Force
#DataSet : 225/60 R18
#Category: Touring Tires
#FileID  : TireFy_546b71a0-0127-4f2c-8fbd-755756778489
#Product : CarSim 2020.0
#VehCode Tire: Fy

END
