PARSFILE
#FullDataName Tire: Lateral Force`235/65 R17`Touring Tires
#CheckBox0 0    

#RingCtrl0 CARPET_FROM_ZERO
#RadioCtrl0 0    
#RadioCtrl1 0    

*3D_XLabel Vertical load (N)
*3D_YLabel Abs. slip angle [Alpha] (deg)
*3D_ZLabel Abs. lateral tire force Fy (N)

#DiagramTwo0
*3D_DATA 8, 51 ! columns x rows
FY_TIRE_CARPET 2D_FROM_ZERO
0, 1961.33, 3922.66, 5883.99, 7845.32, 9806.65, 11767.98, 13729.31, 15690.64
0.5, 260.96, 508.58, 740.97, 957.18, 1156.63, 1339.02, 1504.21, 1652.18
1, 512.68, 999.66, 1457.23, 1883.48, 2277.29, 2637.98, 2965.21, 3258.89
1.5, 747.27, 1458.18, 2127.4, 2752.1, 3330.56, 3861.69, 4344.85, 4779.77
2, 959.06, 1873.26, 2735.85, 3543.2, 4292.93, 4983.49, 5613.87, 6183.5
2.5, 1144.97, 2238.81, 3273.65, 4245.11, 5150.21, 5986.89, 6753.7, 7449.66
3, 1304.27, 2553.21, 3738.09, 4853.91, 5897.15, 6865.23, 7756.24, 8568.75
3.5, 1438.04, 2818.26, 4131.37, 5371.86, 6535.74, 7620, 8622.23, 9540.57
4, 1548.48, 3038.03, 4458.97, 5805.44, 7073.09, 8258.49, 9358.86, 10371.88
4.5, 1638.41, 3217.74, 4728.14, 6163.51, 7519.22, 8791.56, 9977.36, 11073.96
5, 1710.76, 3362.97, 4946.73, 6455.82, 7885.44, 9231.62, 10490.96, 11660.47
5.5, 1768.34, 3479.09, 5122.42, 6692.04, 8183.06, 9591.37, 10913.37, 12145.82
6, 1813.7, 3571.02, 5262.24, 6881.12, 8422.72, 9882.83, 11257.73, 12544.04
6.5, 1849.04, 3643.02, 5372.42, 7031.03, 8613.93, 10116.89, 11536.12, 12868.14
7, 1876.23, 3698.76, 5458.26, 7148.63, 8764.99, 10303.13, 11759.22, 13129.74
7.5, 1896.82, 3741.28, 5524.25, 7239.75, 8882.98, 10449.76, 11936.29, 13339.03
8, 1912.09, 3773.1, 5574.1, 7309.25, 8973.84, 10563.74, 12075.21, 13504.72
8.5, 1923.07, 3796.26, 5610.86, 7361.14, 9042.5, 10650.89, 12182.63, 13634.22
9, 1930.61, 3812.46, 5637.03, 7398.73, 9093.04, 10716.04, 12264.08, 13733.76
9.5, 1935.4, 3823.05, 5654.64, 7424.7, 9128.83, 10763.18, 12324.19, 13808.53
10, 1937.97, 3829.14, 5665.35, 7441.27, 9152.61, 10795.59, 12366.77, 13862.86
10.5, 1938.77, 3831.6, 5670.5, 7450.23, 9166.62, 10815.99, 12394.96, 13900.35
11, 1938.17, 3831.17, 5671.17, 7453.05, 9172.72, 10826.59, 12411.38, 13923.97
11.5, 1936.45, 3828.43, 5668.26, 7450.91, 9172.4, 10829.21, 12418.15, 13936.19
12, 1933.84, 3823.85, 5662.48, 7444.8, 9166.9, 10825.35, 12417.06, 13939.05
12.5, 1930.53, 3817.82, 5654.41, 7435.49, 9157.22, 10816.25, 12409.55, 13934.24
13, 1926.68, 3810.64, 5644.54, 7423.65, 9144.19, 10802.91, 12396.83, 13923.16
13.5, 1922.41, 3802.57, 5633.26, 7409.8, 9128.5, 10786.17, 12379.9, 13906.97
14, 1917.81, 3793.82, 5620.87, 7394.37, 9110.7, 10766.71, 12359.57, 13886.64
14.5, 1912.98, 3784.55, 5607.64, 7377.73, 9091.24, 10745.1, 12336.53, 13862.96
15, 1907.97, 3774.9, 5593.78, 7360.15, 9070.5, 10721.8, 12311.35, 13836.6
15.5, 1902.85, 3764.98, 5579.46, 7341.89, 9048.79, 10697.21, 12284.48, 13808.12
16, 1897.65, 3754.88, 5564.83, 7323.13, 9026.37, 10671.64, 12256.31, 13777.97
16.5, 1892.41, 3744.68, 5549.99, 7304.04, 9003.45, 10645.35, 12227.18, 13746.55
17, 1887.16, 3734.43, 5535.05, 7284.75, 8980.19, 10618.56, 12197.33, 13714.16
17.5, 1881.93, 3724.18, 5520.07, 7265.35, 8956.75, 10591.46, 12167, 13681.08
18, 1876.72, 3713.98, 5505.12, 7245.96, 8933.23, 10564.18, 12136.36, 13647.52
18.5, 1871.56, 3703.84, 5490.25, 7226.62, 8909.73, 10536.84, 12105.56, 13613.68
19, 1866.45, 3693.81, 5475.5, 7207.41, 8886.32, 10509.56, 12074.74, 13579.69
19.5, 1861.41, 3683.89, 5460.9, 7188.36, 8863.08, 10482.41, 12043.99, 13545.7
20, 1856.44, 3674.1, 5446.48, 7169.51, 8840.04, 10455.45, 12013.4, 13511.79
20.5, 1851.55, 3664.46, 5432.25, 7150.9, 8817.26, 10428.74, 11983.03, 13478.07
21, 1846.74, 3654.97, 5418.24, 7132.54, 8794.76, 10402.32, 11952.95, 13444.59
21.5, 1842.02, 3645.64, 5404.45, 7114.45, 8772.56, 10376.22, 11923.18, 13411.42
22, 1837.38, 3636.47, 5390.89, 7096.65, 8750.69, 10350.48, 11893.78, 13378.59
22.5, 1832.83, 3627.47, 5377.56, 7079.14, 8729.16, 10325.11, 11864.77, 13346.16
23, 1828.36, 3618.64, 5364.48, 7061.93, 8707.98, 10300.13, 11836.17, 13314.15
23.5, 1823.99, 3609.97, 5351.63, 7045.03, 8687.16, 10275.54, 11807.99, 13282.57
24, 1819.7, 3601.48, 5339.03, 7028.43, 8666.7, 10251.36, 11780.25, 13251.45
24.5, 1815.5, 3593.15, 5326.66, 7012.14, 8646.6, 10227.59, 11752.96, 13220.8
25, 1811.38, 3584.99, 5314.54, 6996.16, 8626.87, 10204.23, 11726.11, 13190.63
26, 1811.38, 3584.99, 5314.54, 6996.16, 8626.87, 10204.23, 11726.11, 13190.63
ENDTABLE

MU_REF_Y 1.0


LOG_ENTRY Used Dataset: Tire: Lateral Force; { Touring Tires } 235/65 R17
#Library : Tire: Lateral Force
#DataSet : 235/65 R17
#Category: Touring Tires
#FileID  : TireFy_e8067372-444a-4b4e-845e-16468a3da484
#Product : CarSim 2020.0
#VehCode Tire: Fy

END
