PARSFILE
#FullDataName Tire: Lateral Force`265/70 R17`Touring Tires
#CheckBox0 0    

#RingCtrl0 CARPET_FROM_ZERO
#RadioCtrl0 0    
#RadioCtrl1 0    

*3D_XLabel Vertical load (N)
*3D_YLabel Abs. slip angle [Alpha] (deg)
*3D_ZLabel Abs. lateral tire force Fy (N)

#DiagramTwo0
*3D_DATA 8, 51 ! columns x rows
FY_TIRE_CARPET 2D_FROM_ZERO
0, 2819.41, 5638.82, 8458.24, 11277.65, 14097.06, 16916.47, 19735.88, 22555.3
0.5, 381.66, 721.71, 1015.23, 1260.58, 1457.6, 1607.08, 1710.5, 1769.93
1, 750.43, 1420.59, 2000.69, 2487.19, 2879.41, 3178.52, 3387.08, 3508.8
1.5, 1094.99, 2076.43, 2929.75, 3649.15, 4232.79, 4681.53, 4998.23, 5187.49
2, 1406.79, 2673.61, 3781.44, 4721.76, 5490.93, 6088.59, 6516.98, 6780.61
2.5, 1680.65, 3202.3, 4541.91, 5688.02, 6634.56, 7379.14, 7922.43, 8267.77
3, 1914.8, 3658.51, 5204.73, 6539.04, 7652.57, 8540.3, 9200.5, 9634.41
3.5, 2110.25, 4043.26, 5769.99, 7273.34, 8541.56, 9566.68, 10343.99, 10871.9
4, 2270.01, 4361.23, 6242.84, 7895.43, 9304.59, 10459.39, 11351.9, 11977.22
4.5, 2398.2, 4619.39, 6631.67, 8413.91, 9949.45, 11224.6, 12228.3, 12952.15
5, 2499.37, 4825.65, 6946.56, 8839.8, 10486.94, 11871.99, 12981.02, 13802.27
5.5, 2577.96, 4988.02, 7198, 9184.99, 10929.34, 12413.24, 13620.34, 14535.86
6, 2638.03, 5113.94, 7396.05, 9461.27, 11289.21, 12860.81, 14157.8, 15162.85
6.5, 2683.13, 5210.05, 7549.85, 9679.59, 11578.62, 13227.06, 14605.33, 15694.01
7, 2716.24, 5282.03, 7667.37, 9849.76, 11808.6, 13523.66, 14974.49, 16140.2
7.5, 2739.83, 5334.64, 7755.43, 9980.29, 11988.96, 13761.2, 15276.14, 16511.9
8, 2755.91, 5371.79, 7819.7, 10078.42, 12128.2, 13949.09, 15520.14, 16818.95
8.5, 2766.08, 5396.69, 7864.87, 10150.21, 12233.58, 14095.5, 15715.24, 17070.27
9, 2771.64, 5411.88, 7894.78, 10200.69, 12311.19, 14207.43, 15869.12, 17273.88
9.5, 2773.59, 5419.44, 7912.52, 10233.98, 12366.13, 14290.82, 15988.38, 17436.82
10, 2772.75, 5421.01, 7920.61, 10253.45, 12402.62, 14350.69, 16078.7, 17565.26
10.5, 2769.75, 5417.91, 7921.07, 10261.87, 12424.12, 14391.19, 16144.88, 17664.52
11, 2765.11, 5411.17, 7915.52, 10261.46, 12433.52, 14415.82, 16190.99, 17739.16
11.5, 2759.21, 5401.64, 7905.27, 10254.03, 12433.14, 14427.47, 16220.45, 17793.08
12, 2752.38, 5389.98, 7891.37, 10241.05, 12424.91, 14428.52, 16236.14, 17829.62
12.5, 2744.86, 5376.71, 7874.64, 10223.72, 12410.4, 14420.97, 16240.45, 17851.59
13, 2736.85, 5362.25, 7855.78, 10202.99, 12390.9, 14406.44, 16235.4, 17861.39
13.5, 2728.5, 5346.93, 7835.32, 10179.65, 12367.47, 14386.3, 16222.67, 17861.02
14, 2719.93, 5331.02, 7813.69, 10154.33, 12340.95, 14361.67, 16203.66, 17852.22
14.5, 2711.24, 5314.73, 7791.24, 10127.54, 12312.07, 14333.46, 16179.55, 17836.4
15, 2702.5, 5298.23, 7768.25, 10099.69, 12281.38, 14302.44, 16151.32, 17814.81
15.5, 2693.78, 5281.64, 7744.94, 10071.11, 12249.36, 14269.25, 16119.78, 17788.45
16, 2685.11, 5265.07, 7721.5, 10042.09, 12216.39, 14234.4, 16085.61, 17758.21
16.5, 2676.54, 5248.6, 7698.05, 10012.83, 12182.8, 14198.32, 16049.4, 17724.81
17, 2668.09, 5232.3, 7674.71, 9983.51, 12148.82, 14161.37, 16011.6, 17688.87
17.5, 2659.77, 5216.21, 7651.58, 9954.27, 12114.67, 14123.83, 15972.62, 17650.92
18, 2651.6, 5200.36, 7628.71, 9925.22, 12080.53, 14085.96, 15932.78, 17611.39
18.5, 2643.61, 5184.8, 7606.16, 9896.46, 12046.51, 14047.95, 15892.37, 17570.65
19, 2635.78, 5169.53, 7583.98, 9868.04, 12012.74, 14009.95, 15851.61, 17529.01
19.5, 2628.12, 5154.56, 7562.18, 9840.02, 11979.29, 13972.1, 15810.68, 17486.75
20, 2620.65, 5139.92, 7540.79, 9812.44, 11946.24, 13934.51, 15769.76, 17444.07
20.5, 2613.35, 5125.6, 7519.83, 9785.34, 11913.64, 13897.26, 15728.96, 17401.17
21, 2606.23, 5111.61, 7499.3, 9758.73, 11881.54, 13860.42, 15688.39, 17358.21
21.5, 2599.28, 5097.93, 7479.22, 9732.63, 11849.95, 13824.05, 15648.14, 17315.3
22, 2592.51, 5084.59, 7459.57, 9707.04, 11818.91, 13788.18, 15608.29, 17272.56
22.5, 2585.9, 5071.56, 7440.36, 9681.98, 11788.43, 13752.86, 15568.88, 17230.08
23, 2579.46, 5058.84, 7421.58, 9657.44, 11758.52, 13718.09, 15529.96, 17187.93
23.5, 2573.19, 5046.43, 7403.23, 9633.43, 11729.19, 13683.92, 15491.56, 17146.18
24, 2567.07, 5034.31, 7385.31, 9609.92, 11700.43, 13650.33, 15453.73, 17104.87
24.5, 2561.1, 5022.5, 7367.79, 9586.93, 11672.25, 13617.35, 15416.46, 17064.04
25, 2555.28, 5010.96, 7350.68, 9564.44, 11644.64, 13584.96, 15379.79, 17023.73
26, 2555.28, 5010.96, 7350.68, 9564.44, 11644.64, 13584.96, 15379.79, 17023.73
ENDTABLE

MU_REF_Y 1.0


LOG_ENTRY Used Dataset: Tire: Lateral Force; { Touring Tires } 265/70 R17
#Library : Tire: Lateral Force
#DataSet : 265/70 R17
#Category: Touring Tires
#FileID  : TireFy_25e46adc-5bbb-499e-ba62-c609dd57ba54
#Product : CarSim 2020.0
#VehCode Tire: Fy

END
