PARSFILE
#FullDataName Tire: Lateral Force`GT Rear - 28/71 - 18`Racing Tires
#CheckBox0 0    

#RingCtrl0 CARPET_FROM_ZERO
#RadioCtrl0 0    
#RadioCtrl1 0    

*3D_XLabel Vertical load (N)
*3D_YLabel Abs. slip angle [Alpha] (deg)
*3D_ZLabel Abs. lateral tire force Fy (N)

#DiagramTwo0
*3D_DATA 8, 51 ! columns x rows
FY_TIRE_CARPET 2D_FROM_ZERO
0, 1471, 2942, 4412.99, 5883.99, 7354.99, 8825.99, 10296.98, 11767.98
0.5, 1017.21, 1956.16, 2813.41, 3584.3, 4264.98, 4852.12, 5342.86, 5734.63
1, 1863.53, 3587.07, 5162, 6579.23, 7831.29, 8911.9, 9815.6, 10537.58
1.5, 2478.49, 4775.86, 6877.25, 8769.63, 10442.55, 11887.29, 13096.32, 14063.02
2, 2893.02, 5579.85, 8039.66, 10256.26, 12216.93, 13911.1, 15329.72, 16464.81
2.5, 3163.79, 6106.6, 8802.67, 11233.44, 13384.53, 15244.06, 16801.88, 18049.07
3, 3339.03, 6448.45, 9298.7, 11869.51, 14145.32, 16113.33, 17762.62, 19083.62
3.5, 3452.23, 6669.89, 9620.55, 12282.74, 14640.05, 16679.07, 18388.34, 19757.84
4, 3525.11, 6812.88, 9828.76, 12550.42, 14960.88, 17046.28, 18794.79, 20196.08
4.5, 3571.52, 6904.26, 9962.12, 12722.14, 15166.96, 17282.39, 19056.36, 20478.34
5, 3600.32, 6961.25, 10045.53, 12829.79, 15296.36, 17430.86, 19221.04, 20656.23
5.5, 3617.26, 6995.03, 10095.21, 12894.11, 15373.89, 17520.01, 19320.11, 20763.42
6, 3626.13, 7012.99, 10121.86, 12928.84, 15415.96, 17568.59, 19374.29, 20822.21
6.5, 3629.46, 7020.07, 10132.66, 12943.2, 15433.6, 17589.19, 19397.49, 20847.6
7, 3628.97, 7019.65, 10132.52, 12943.45, 15434.33, 17590.42, 19399.22, 20849.82
7.5, 3625.87, 7014.05, 10124.81, 12933.95, 15423.34, 17578.21, 19386.07, 20835.98
8, 3620.96, 7004.9, 10111.89, 12917.73, 15404.26, 17556.74, 19362.63, 20811.02
8.5, 3614.85, 6993.33, 10095.43, 12896.94, 15379.68, 17528.93, 19332.16, 20778.47
9, 3607.93, 6980.16, 10076.62, 12873.09, 15351.42, 17496.89, 19296.99, 20740.82
9.5, 3600.51, 6965.98, 10056.31, 12847.29, 15320.8, 17462.12, 19258.78, 20699.87
10, 3592.81, 6951.21, 10035.1, 12820.32, 15288.75, 17425.71, 19218.72, 20656.92
10.5, 3584.96, 6936.14, 10013.45, 12792.75, 15255.97, 17388.44, 19177.7, 20612.9
11, 3577.08, 6920.99, 9991.66, 12765, 15222.95, 17350.87, 19136.33, 20568.51
11.5, 3569.26, 6905.92, 9969.98, 12737.35, 15190.04, 17313.41, 19095.08, 20524.22
12, 3561.54, 6891.05, 9948.55, 12710.02, 15157.49, 17276.36, 19054.26, 20480.38
12.5, 3553.97, 6876.43, 9927.49, 12683.16, 15125.49, 17239.92, 19014.1, 20437.25
13, 3546.56, 6862.14, 9906.89, 12656.86, 15094.16, 17204.24, 18974.77, 20395
13.5, 3539.35, 6848.2, 9886.78, 12631.2, 15063.58, 17169.4, 18936.37, 20353.74
14, 3532.33, 6834.64, 9867.22, 12606.22, 15033.8, 17135.48, 18898.96, 20313.55
14.5, 3525.52, 6821.47, 9848.21, 12581.95, 15004.86, 17102.49, 18862.6, 20274.47
15, 3518.91, 6808.69, 9829.76, 12558.38, 14976.76, 17070.47, 18827.29, 20236.52
15.5, 3512.51, 6796.3, 9811.88, 12535.53, 14949.51, 17039.42, 18793.03, 20199.7
16, 3506.31, 6784.3, 9794.55, 12513.39, 14923.1, 17009.31, 18759.83, 20164.01
16.5, 3500.31, 6772.68, 9777.76, 12491.94, 14897.52, 16980.15, 18727.66, 20129.43
17, 3494.5, 6761.42, 9761.51, 12471.17, 14872.74, 16951.9, 18696.49, 20095.93
17.5, 3488.87, 6750.53, 9745.78, 12451.06, 14848.74, 16924.54, 18666.31, 20063.48
18, 3483.43, 6739.99, 9730.54, 12431.58, 14825.51, 16898.04, 18637.08, 20032.05
18.5, 3478.16, 6729.78, 9715.79, 12412.72, 14803, 16872.38, 18608.77, 20001.61
19, 3473.06, 6719.89, 9701.5, 12394.45, 14781.21, 16847.53, 18581.34, 19972.12
19.5, 3468.12, 6710.32, 9687.66, 12376.76, 14760.09, 16823.44, 18554.77, 19943.54
20, 3463.34, 6701.04, 9674.25, 12359.61, 14739.63, 16800.1, 18529.01, 19915.85
20.5, 3458.7, 6692.05, 9661.26, 12342.99, 14719.79, 16777.48, 18504.05, 19889
21, 3454.21, 6683.34, 9648.66, 12326.88, 14700.56, 16755.54, 18479.84, 19862.97
21.5, 3449.85, 6674.88, 9636.44, 12311.25, 14681.9, 16734.27, 18456.36, 19837.71
22, 3445.62, 6666.68, 9624.58, 12296.08, 14663.8, 16713.62, 18433.57, 19813.21
22.5, 3441.52, 6658.73, 9613.07, 12281.36, 14646.23, 16693.57, 18411.45, 19789.41
23, 3437.54, 6651, 9601.9, 12267.07, 14629.16, 16674.11, 18389.96, 19766.31
23.5, 3433.67, 6643.49, 9591.04, 12253.18, 14612.59, 16655.2, 18369.09, 19743.86
24, 3429.91, 6636.2, 9580.49, 12239.69, 14596.48, 16636.82, 18348.81, 19722.04
24.5, 3426.26, 6629.11, 9570.24, 12226.57, 14580.81, 16618.95, 18329.08, 19700.83
25, 3422.71, 6622.22, 9560.27, 12213.81, 14565.58, 16601.57, 18309.9, 19680.19
25.5, 3422.71, 6622.22, 9560.27, 12213.81, 14565.58, 16601.57, 18309.9, 19680.19
ENDTABLE

MU_REF_Y 1


LOG_ENTRY Used Dataset: Tire: Lateral Force; { Racing Tires } GT Rear - 28/71 - 18
#Library : Tire: Lateral Force
#DataSet : GT Rear - 28/71 - 18
#Category: Racing Tires
#FileID  : TireFy_5638203e-1684-4acc-9b5d-61ecac82a8d9
#Product : CarSim 2020.0
#VehCode Tire: Fy

END
