PARSFILE
#FullDataName Tire: Lateral Force`215/55 R17`Touring Tires
#CheckBox0 0    

#RingCtrl0 CARPET_FROM_ZERO
#RadioCtrl0 0    
#RadioCtrl1 0    

*3D_XLabel Vertical load (N)
*3D_YLabel Abs. slip angle [Alpha] (deg)
*3D_ZLabel Abs. lateral tire force Fy (N)

#DiagramTwo0
*3D_DATA 8, 51 ! columns x rows
FY_TIRE_CARPET 2D_FROM_ZERO
0, 1593.58, 3187.16, 4780.74, 6374.32, 7967.9, 9561.48, 11155.06, 12748.65
0.5, 248.08, 483.5, 704.46, 910.03, 1099.7, 1273.15, 1430.26, 1571
1, 486, 947.74, 1381.71, 1786.09, 2159.81, 2502.21, 2812.97, 3091.98
1.5, 704.93, 1375.9, 2007.9, 2598.26, 3145.3, 3647.98, 4105.65, 4518.01
2, 898.46, 1755.66, 2565.35, 3324.08, 4029.58, 4680.29, 5275.2, 5813.66
2.5, 1063.18, 2080.29, 3044.12, 3950.55, 4796.73, 5580.62, 6300.7, 6955.9
3, 1198.64, 2348.57, 3441.97, 4474.17, 5441.86, 6342.46, 7173.99, 7934.9
3.5, 1306.65, 2563.69, 3762.95, 4899.4, 5969.31, 6969.71, 7898.17, 8752.65
4, 1390.46, 2731.63, 4015.21, 5235.95, 6389.87, 7473.66, 8484.53, 9420.05
4.5, 1453.91, 2859.62, 4208.83, 5496.25, 6717.72, 7869.74, 8949.25, 9953.51
5, 1500.82, 2954.92, 4354.16, 5693.25, 6967.99, 8174.77, 9310.36, 10371.82
5.5, 1534.64, 3024.19, 4460.73, 5839.08, 7155.04, 8404.98, 9585.61, 10693.86
6, 1558.28, 3073.11, 4536.82, 5944.36, 7291.62, 8574.99, 9791.17, 10937.07
6.5, 1574.12, 3106.35, 4589.27, 6017.99, 7388.5, 8697.27, 9941.07, 11116.8
7, 1584.05, 3127.63, 4623.58, 6067.16, 7454.5, 8782.18, 10047.02, 11246
7.5, 1589.54, 3139.87, 4644.08, 6097.61, 7496.7, 8838.05, 10118.59, 11335.38
8, 1591.7, 3145.32, 4654.17, 6113.82, 7520.67, 8871.54, 10163.46, 11393.59
8.5, 1591.4, 3145.71, 4656.43, 6119.28, 7530.79, 8887.88, 10187.72, 11427.56
9, 1589.29, 3142.36, 4652.87, 6116.68, 7530.43, 8891.17, 10196.16, 11442.78
9.5, 1585.88, 3136.27, 4645.01, 6108.08, 7522.22, 8884.59, 10192.55, 11443.6
10, 1581.52, 3128.2, 4634.02, 6095.06, 7508.17, 8870.59, 10179.81, 11433.4
10.5, 1576.5, 3118.73, 4620.79, 6078.84, 7489.83, 8851.11, 10160.22, 11414.86
11, 1571.04, 3108.3, 4605.98, 6060.34, 7468.41, 8827.6, 10135.56, 11390.06
11.5, 1565.3, 3097.24, 4590.13, 6040.29, 7444.82, 8801.22, 10107.2, 11360.64
12, 1559.4, 3085.8, 4573.6, 6019.2, 7419.76, 8772.84, 10076.22, 11327.85
12.5, 1553.42, 3074.17, 4556.71, 5997.51, 7393.78, 8743.14, 10043.45, 11292.71
13, 1547.43, 3062.48, 4539.67, 5975.51, 7367.28, 8712.65, 10009.53, 11255.98
13.5, 1541.49, 3050.85, 4522.65, 5953.45, 7340.58, 8681.76, 9974.95, 11218.26
14, 1535.63, 3039.34, 4505.77, 5931.51, 7313.93, 8650.78, 9940.1, 11180.02
14.5, 1529.87, 3028.02, 4489.12, 5909.81, 7287.49, 8619.95, 9905.26, 11141.62
15, 1524.24, 3016.93, 4472.78, 5888.46, 7261.4, 8589.44, 9870.67, 11103.34
15.5, 1518.75, 3006.09, 4456.78, 5867.52, 7235.76, 8559.37, 9836.49, 11065.39
16, 1513.4, 2995.53, 4441.16, 5847.04, 7210.63, 8529.85, 9802.84, 11027.93
16.5, 1508.2, 2985.25, 4425.95, 5827.05, 7186.08, 8500.94, 9769.82, 10991.07
17, 1503.15, 2975.26, 4411.14, 5807.59, 7162.12, 8472.69, 9737.49, 10954.92
17.5, 1498.25, 2965.56, 4396.76, 5788.65, 7138.78, 8445.12, 9705.9, 10919.52
18, 1493.51, 2956.15, 4382.78, 5770.24, 7116.07, 8418.26, 9675.07, 10884.92
18.5, 1488.91, 2947.02, 4369.23, 5752.35, 7093.98, 8392.12, 9645.02, 10851.14
19, 1484.45, 2938.18, 4356.07, 5734.99, 7072.52, 8366.68, 9615.76, 10818.21
19.5, 1480.14, 2929.6, 4343.32, 5718.14, 7051.68, 8341.96, 9587.28, 10786.11
20, 1475.96, 2921.3, 4330.95, 5701.79, 7031.44, 8317.92, 9559.57, 10754.86
20.5, 1471.91, 2913.25, 4318.96, 5685.93, 7011.79, 8294.58, 9532.63, 10724.44
21, 1467.98, 2905.45, 4307.34, 5670.55, 6992.71, 8271.89, 9506.43, 10694.84
21.5, 1464.18, 2897.89, 4296.06, 5655.62, 6974.19, 8249.86, 9480.97, 10666.04
22, 1460.5, 2890.56, 4285.13, 5641.13, 6956.21, 8228.45, 9456.21, 10638.03
22.5, 1456.93, 2883.45, 4274.52, 5627.07, 6938.75, 8207.66, 9432.15, 10610.78
23, 1453.47, 2876.55, 4264.23, 5613.43, 6921.8, 8187.45, 9408.76, 10584.27
23.5, 1450.11, 2869.87, 4254.25, 5600.18, 6905.33, 8167.82, 9386.01, 10558.48
24, 1446.86, 2863.37, 4244.55, 5587.31, 6889.33, 8148.73, 9363.89, 10533.38
24.5, 1443.69, 2857.07, 4235.13, 5574.81, 6873.79, 8130.18, 9342.38, 10508.96
25, 1440.63, 2850.95, 4225.98, 5562.66, 6858.67, 8112.14, 9321.44, 10485.19
26, 1440.63, 2850.95, 4225.98, 5562.66, 6858.67, 8112.14, 9321.44, 10485.19
ENDTABLE

MU_REF_Y 1.0


LOG_ENTRY Used Dataset: Tire: Lateral Force; { Touring Tires } 215/55 R17
#Library : Tire: Lateral Force
#DataSet : 215/55 R17
#Category: Touring Tires
#FileID  : TireFy_a3dbd701-dd04-4bbe-ae9d-4f8143ca326f
#Product : CarSim 2020.0
#VehCode Tire: Fy

END
