PARSFILE
#FullDataName Tire: Lateral Force`255/45 R18`Performance Tires
#CheckBox0 0    

#RingCtrl0 CARPET_FROM_ZERO
#RadioCtrl0 0    
#RadioCtrl1 0    

*3D_XLabel Vertical load (N)
*3D_YLabel Abs. slip angle [Alpha] (deg)
*3D_ZLabel Abs. lateral tire force Fy (N)

#DiagramTwo0
*3D_DATA 8, 51 ! columns x rows
FY_TIRE_CARPET 2D_FROM_ZERO
0, 1348.41, 2696.83, 4045.24, 5393.66, 6742.07, 8090.49, 9438.9, 10787.32
0.5, 232.45, 458.36, 676.66, 886.68, 1087.93, 1280.01, 1462.57, 1635.32
1, 452.36, 891.99, 1316.8, 1725.51, 2117.15, 2490.94, 2846.21, 3182.38
1.5, 650.08, 1281.87, 1892.37, 2479.73, 3042.55, 3579.73, 4090.28, 4573.39
2, 820.4, 1617.72, 2388.16, 3129.4, 3839.68, 4517.58, 5161.9, 5771.58
2.5, 962.27, 1897.46, 2801.14, 3670.56, 4503.67, 5298.8, 6054.54, 6769.65
3, 1077.58, 2124.84, 3136.81, 4110.41, 5043.35, 5933.77, 6780.07, 7580.88
3.5, 1169.72, 2306.53, 3405.03, 4461.88, 5474.6, 6441.16, 7359.83, 8229.1
4, 1242.5, 2450.06, 3616.91, 4739.52, 5815.26, 6841.96, 7817.79, 8741.16
4.5, 1299.55, 2562.54, 3782.96, 4957.12, 6082.24, 7156.07, 8176.71, 9142.47
5, 1343.98, 2650.16, 3912.31, 5126.62, 6290.21, 7400.76, 8456.3, 9455.08
5.5, 1378.4, 2718.03, 4012.5, 5257.9, 6451.29, 7590.29, 8672.85, 9697.21
6, 1404.88, 2770.24, 4089.58, 5358.91, 6575.22, 7736.1, 8839.46, 9883.5
6.5, 1425.07, 2810.05, 4148.35, 5435.91, 6669.71, 7847.27, 8966.48, 10025.52
7, 1440.26, 2840.01, 4192.57, 5493.86, 6740.81, 7930.92, 9062.06, 10132.39
7.5, 1451.47, 2862.11, 4225.2, 5536.62, 6793.27, 7992.64, 9132.59, 10211.25
8, 1459.49, 2877.93, 4248.56, 5567.23, 6830.83, 8036.83, 9183.09, 10267.71
8.5, 1464.96, 2888.72, 4264.48, 5588.1, 6856.43, 8066.96, 9217.51, 10306.2
9, 1468.38, 2895.45, 4274.42, 5601.12, 6872.41, 8085.75, 9238.98, 10330.21
9.5, 1470.13, 2898.9, 4279.52, 5607.8, 6880.61, 8095.4, 9250, 10342.53
10, 1470.54, 2899.71, 4280.7, 5609.35, 6882.51, 8097.64, 9252.56, 10345.39
10.5, 1469.85, 2898.36, 4278.71, 5606.74, 6879.31, 8093.88, 9248.26, 10340.59
11, 1468.29, 2895.27, 4274.15, 5600.77, 6871.98, 8085.24, 9238.4, 10329.56
11.5, 1466, 2890.76, 4267.5, 5592.05, 6861.29, 8072.66, 9224.03, 10313.49
12, 1463.14, 2885.11, 4259.16, 5581.12, 6847.87, 8056.88, 9206, 10293.33
12.5, 1459.8, 2878.54, 4249.45, 5568.4, 6832.26, 8038.52, 9185.01, 10269.87
13, 1456.09, 2871.22, 4238.64, 5554.24, 6814.89, 8018.07, 9161.65, 10243.75
13.5, 1452.07, 2863.3, 4226.96, 5538.92, 6796.1, 7995.97, 9136.39, 10215.5
14, 1447.82, 2854.91, 4214.57, 5522.69, 6776.18, 7972.54, 9109.62, 10185.57
14.5, 1443.38, 2846.15, 4201.64, 5505.75, 6755.4, 7948.08, 9081.67, 10154.32
15, 1438.79, 2837.11, 4188.29, 5488.25, 6733.93, 7922.82, 9052.81, 10122.05
15.5, 1434.09, 2827.85, 4174.62, 5470.35, 6711.96, 7896.97, 9023.27, 10089.03
16, 1429.32, 2818.44, 4160.73, 5452.14, 6689.62, 7870.68, 8993.24, 10055.44
16.5, 1424.49, 2808.92, 4146.68, 5433.72, 6667.02, 7844.1, 8962.87, 10021.48
17, 1419.63, 2799.34, 4132.53, 5415.19, 6644.28, 7817.34, 8932.29, 9987.3
17.5, 1414.76, 2789.72, 4118.34, 5396.59, 6621.46, 7790.5, 8901.62, 9953
18, 1409.88, 2780.11, 4104.14, 5377.99, 6598.64, 7763.65, 8870.94, 9918.69
18.5, 1405.02, 2770.51, 4089.98, 5359.43, 6575.87, 7736.86, 8840.33, 9884.47
19, 1400.17, 2760.96, 4075.88, 5340.96, 6553.2, 7710.18, 8809.85, 9850.39
19.5, 1395.36, 2751.47, 4061.87, 5322.59, 6530.67, 7683.67, 8779.56, 9816.52
20, 1390.58, 2742.05, 4047.96, 5304.36, 6508.3, 7657.36, 8749.49, 9782.91
20.5, 1385.85, 2732.71, 4034.17, 5286.3, 6486.14, 7631.28, 8719.69, 9749.58
21, 1381.16, 2723.46, 4020.52, 5268.41, 6464.19, 7605.45, 8690.18, 9716.59
21.5, 1376.52, 2714.31, 4007.01, 5250.71, 6442.47, 7579.9, 8660.99, 9683.95
22, 1371.93, 2705.27, 3993.66, 5233.21, 6421, 7554.64, 8632.12, 9651.68
22.5, 1367.4, 2696.33, 3980.46, 5215.92, 6399.79, 7529.69, 8603.61, 9619.79
23, 1362.92, 2687.5, 3967.44, 5198.85, 6378.84, 7505.05, 8575.45, 9588.31
23.5, 1358.5, 2678.79, 3954.58, 5182, 6358.17, 7480.72, 8547.66, 9557.24
24, 1354.15, 2670.2, 3941.89, 5165.38, 6337.77, 7456.72, 8520.24, 9526.58
24.5, 1349.85, 2661.72, 3929.38, 5148.98, 6317.65, 7433.05, 8493.19, 9496.33
25, 1345.61, 2653.37, 3917.04, 5132.81, 6297.82, 7409.71, 8466.52, 9466.51
26, 1345.61, 2653.37, 3917.04, 5132.81, 6297.82, 7409.71, 8466.52, 9466.51
ENDTABLE

MU_REF_Y 1.0


LOG_ENTRY Used Dataset: Tire: Lateral Force; { Performance Tires } 255/45 R18
#Library : Tire: Lateral Force
#DataSet : 255/45 R18
#Category: Performance Tires
#FileID  : TireFy_47f88f61-e637-40cf-89f3-6534b41ab10d
#Product : CarSim 2020.0
#VehCode Tire: Fy

END
