PARSFILE
#FullDataName Tire: Lateral Force`Touring: Peak = 0.96 at Alpha = 9 deg`Normalized Tires
#CheckBox0 1    

#MiscYellow0
fy_tire_gain = FZ_REF
fz_scale_fy_tire = FZ_REF
#ENDMYellow

#RingCtrl0 CARPET_FROM_ZERO
#RadioCtrl0 0    
#RadioCtrl1 0    

*3D_XLabel Vertical load (N)
*3D_YLabel Abs. slip angle [Alpha] (deg)
*3D_ZLabel Abs. lateral tire force Fy (N)

#DiagramTwo0
*3D_DATA 8, 51 ! columns x rows
FY_TIRE_CARPET 2D_FROM_ZERO
0, 0.25, 0.5, 0.75, 1, 1.25, 1.5, 1.75, 2
0.5, 0.03799, 0.07454, 0.1094, 0.1426, 0.1739, 0.2033, 0.2309, 0.2564
1, 0.07457, 0.1464, 0.215, 0.2802, 0.3418, 0.3998, 0.4541, 0.5045
1.5, 0.1085, 0.2131, 0.3132, 0.4084, 0.4985, 0.5833, 0.6628, 0.7369
2, 0.1389, 0.273, 0.4014, 0.5237, 0.6397, 0.7491, 0.8518, 0.9477
2.5, 0.1653, 0.3249, 0.478, 0.6241, 0.7629, 0.8941, 1.018, 1.133
3, 0.1873, 0.3685, 0.5425, 0.709, 0.8673, 1.017, 1.159, 1.292
3.5, 0.2053, 0.4041, 0.5954, 0.7786, 0.9534, 1.119, 1.276, 1.424
4, 0.2195, 0.4324, 0.6376, 0.8345, 1.023, 1.202, 1.371, 1.531
4.5, 0.2306, 0.4545, 0.6706, 0.8783, 1.077, 1.267, 1.446, 1.616
5, 0.239, 0.4713, 0.6959, 0.912, 1.119, 1.317, 1.505, 1.683
5.5, 0.2453, 0.4839, 0.7148, 0.9373, 1.151, 1.355, 1.55, 1.734
6, 0.2498, 0.493, 0.7286, 0.9559, 1.174, 1.384, 1.583, 1.773
6.5, 0.253, 0.4995, 0.7385, 0.9693, 1.191, 1.404, 1.608, 1.801
7, 0.2551, 0.5039, 0.7452, 0.9785, 1.203, 1.419, 1.625, 1.822
7.5, 0.2565, 0.5067, 0.7496, 0.9845, 1.211, 1.428, 1.637, 1.835
8, 0.2572, 0.5083, 0.7521, 0.988, 1.216, 1.434, 1.644, 1.844
8.5, 0.2575, 0.5089, 0.7532, 0.9897, 1.218, 1.438, 1.648, 1.849
9, 0.2575, 0.5089, 0.7532, 0.9899, 1.218, 1.438, 1.65, 1.851
9.5, 0.2571, 0.5083, 0.7525, 0.9891, 1.218, 1.438, 1.649, 1.851
10, 0.2566, 0.5073, 0.7511, 0.9875, 1.216, 1.436, 1.647, 1.849
10.5, 0.2559, 0.5061, 0.7494, 0.9852, 1.213, 1.433, 1.644, 1.846
11, 0.2552, 0.5046, 0.7472, 0.9825, 1.21, 1.429, 1.64, 1.842
11.5, 0.2544, 0.503, 0.7449, 0.9795, 1.206, 1.425, 1.635, 1.837
12, 0.2535, 0.5013, 0.7424, 0.9763, 1.203, 1.421, 1.63, 1.831
12.5, 0.2526, 0.4995, 0.7399, 0.973, 1.199, 1.416, 1.625, 1.826
13, 0.2517, 0.4977, 0.7372, 0.9696, 1.194, 1.411, 1.62, 1.82
13.5, 0.2507, 0.4959, 0.7346, 0.9661, 1.19, 1.406, 1.614, 1.813
14, 0.2498, 0.4941, 0.7319, 0.9627, 1.186, 1.401, 1.608, 1.807
14.5, 0.2489, 0.4923, 0.7293, 0.9592, 1.182, 1.396, 1.603, 1.801
15, 0.248, 0.4906, 0.7267, 0.9558, 1.178, 1.391, 1.597, 1.795
15.5, 0.2471, 0.4888, 0.7241, 0.9524, 1.173, 1.387, 1.592, 1.789
16, 0.2463, 0.4871, 0.7216, 0.9492, 1.169, 1.382, 1.586, 1.782
16.5, 0.2454, 0.4855, 0.7191, 0.9459, 1.165, 1.377, 1.581, 1.776
17, 0.2446, 0.4838, 0.7167, 0.9428, 1.162, 1.373, 1.576, 1.771
17.5, 0.2438, 0.4823, 0.7144, 0.9397, 1.158, 1.368, 1.571, 1.765
18, 0.2431, 0.4807, 0.7121, 0.9367, 1.154, 1.364, 1.566, 1.759
18.5, 0.2423, 0.4792, 0.7099, 0.9338, 1.15, 1.36, 1.561, 1.754
19, 0.2416, 0.4778, 0.7078, 0.931, 1.147, 1.355, 1.556, 1.749
19.5, 0.2409, 0.4764, 0.7057, 0.9282, 1.144, 1.351, 1.551, 1.743
20, 0.2402, 0.475, 0.7037, 0.9256, 1.14, 1.348, 1.547, 1.738
20.5, 0.2395, 0.4737, 0.7017, 0.923, 1.137, 1.344, 1.543, 1.733
21, 0.2388, 0.4724, 0.6998, 0.9205, 1.134, 1.34, 1.538, 1.729
21.5, 0.2382, 0.4712, 0.6979, 0.918, 1.131, 1.336, 1.534, 1.724
22, 0.2376, 0.4699, 0.6961, 0.9156, 1.128, 1.333, 1.53, 1.719
22.5, 0.237, 0.4688, 0.6944, 0.9133, 1.125, 1.33, 1.526, 1.715
23, 0.2364, 0.4676, 0.6927, 0.9111, 1.122, 1.326, 1.523, 1.711
23.5, 0.2359, 0.4665, 0.691, 0.9089, 1.12, 1.323, 1.519, 1.707
24, 0.2353, 0.4654, 0.6894, 0.9068, 1.117, 1.32, 1.515, 1.703
24.5, 0.2348, 0.4644, 0.6879, 0.9047, 1.115, 1.317, 1.512, 1.699
25, 0.2343, 0.4634, 0.6863, 0.9027, 1.112, 1.314, 1.508, 1.695
26, 0.2343, 0.4634, 0.6863, 0.9027, 1.112, 1.314, 1.508, 1.695
ENDTABLE

MU_REF_Y 1.0


#EMBEDDED_NOTES
#This normalized data was made by taking the table for the 205/55 R18 and dividing by the load rating of 5394 N (550 kg) for both Fy and Fz.
#
#The table is scaled using the built-in tire reference force FZ_REF.
#END_EMBEDDED_NOTES

LOG_ENTRY Used Dataset: Tire: Lateral Force; { Normalized Tires } Touring: Peak = 0.96 at Alpha = 9 deg
#Library : Tire: Lateral Force
#DataSet : Touring: Peak = 0.96 at Alpha = 9 deg
#Category: Normalized Tires
#FileID  : TireFy_c09440db-22a8-41ab-92bc-cab9175d24dd
#Product : CarSim 2020.0
#VehCode Tire: Fy

END
