PARSFILE
#FullDataName Tire: Lateral Force`MF-Tyre Asymmetric`MF-Tyre Example
#CheckBox0 0    

#RingCtrl0 2D_SPLINE
#RadioCtrl0 0    
#RadioCtrl1 0    

*3D_XLabel Vertical load (N)
*3D_YLabel Slip angle [Alpha] (deg)
*3D_ZLabel Lateral tire force Fy (N)

#DiagramTwo0
*3D_DATA 4, 41 ! columns x rows
FY_TIRE_CARPET 2D_SPLINE
0, 0, 2000, 4000, 6000
-10, 0, 1760.42, 3478.92, 5148.08
-9.5, 0, 1764.46, 3484.33, 5140.59
-9, 0, 1767.81, 3487.32, 5125.61
-8.5, 0, 1770.13, 3486.94, 5100.93
-8, 0, 1770.99, 3481.92, 5063.81
-7.5, 0, 1769.8, 3470.59, 5010.88
-7, 0, 1765.73, 3450.73, 4938.1
-6.5, 0, 1757.71, 3419.47, 4840.73
-6, 0, 1744.26, 3373.14, 4713.47
-5.5, 0, 1723.4, 3307.15, 4550.66
-5, 0, 1692.56, 3215.93, 4346.75
-4.5, 0, 1646.26, 3087.27, 4085.6
-4, 0, 1579.62, 2913.49, 3765.49
-3.5, 0, 1489.22, 2692.86, 3395.85
-3, 0, 1370.61, 2422.76, 2982.01
-2.5, 0, 1220.52, 2104.46, 2532.16
-2, 0, 1037.98, 1743.44, 2056.13
-1.5, 0, 825.113, 1348.75, 1563.8
-1, 0, 587.274, 931.183, 1063.83
-0.5, 0, 332.206, 501.474, 563.047
0, 0, 68.7554, 69.0478, 66.4552
0.5, 0, -198.49, -364.951, -429.849
1, 0, -464.674, -798.937, -929.053
1.5, 0, -720.089, -1223.12, -1425.28
2, 0, -955.573, -1626.86, -1911.37
2.5, 0, -1163.8, -1999.57, -2378.99
3, 0, -1340.36, -2332.23, -2819.22
3.5, 0, -1484.23, -2618.84, -3223.6
4, 0, -1597.24, -2857.26, -3585.32
4.5, 0, -1683.13, -3049.03, -3900.09
5, 0, -1744.78, -3194.41, -4159.04
5.5, 0, -1787.37, -3300.23, -4363.55
6, 0, -1817.52, -3379.13, -4529.17
6.5, 0, -1838.26, -3436.63, -4660.9
7, 0, -1851.97, -3477.4, -4763.81
7.5, 0, -1860.45, -3505.27, -4842.75
8, 0, -1865.07, -3523.3, -4902.03
8.5, 0, -1866.87, -3533.88, -4945.42
9, 0, -1866.6, -3538.85, -4976.1
9.5, 0, -1864.84, -3539.64, -4996.68
10, 0, -1862.02, -3537.34, -5009.31
ENDTABLE

MU_REF_Y 1.0


LOG_ENTRY Used Dataset: Tire: Lateral Force; { MF-Tyre Example } MF-Tyre Asymmetric
#Library : Tire: Lateral Force
#DataSet : MF-Tyre Asymmetric
#Category: MF-Tyre Example
#FileID  : TireFy_f3064243-1679-4e67-a518-5df3ce9072f0
#Product : CarSim 2020.0
#VehCode Tire: Fy

END
