PARSFILE
#FullDataName Tire: Lateral Force`205/55 R16`Touring Tires
#CheckBox0 0    

#RingCtrl0 CARPET_FROM_ZERO
#RadioCtrl0 0    
#RadioCtrl1 0    

*3D_XLabel Vertical load (N)
*3D_YLabel Abs. slip angle [Alpha] (deg)
*3D_ZLabel Abs. lateral tire force Fy (N)

#DiagramTwo0
*3D_DATA 8, 51 ! columns x rows
FY_TIRE_CARPET 2D_FROM_ZERO
0, 1348.41, 2696.83, 4045.24, 5393.66, 6742.07, 8090.49, 9438.9, 10787.32
0.5, 204.88, 402.03, 590.32, 769.12, 938.02, 1096.76, 1245.15, 1383.09
1, 402.23, 789.51, 1159.6, 1511.28, 1843.76, 2156.49, 2449.1, 2721.35
1.5, 585.41, 1149.55, 1689.2, 2202.57, 2688.51, 3146.17, 3575.01, 3974.61
2, 749.42, 1472.41, 2164.9, 2824.65, 3450.11, 4040.21, 4594.14, 5111.35
2.5, 891.31, 1752.27, 2578.17, 3366.33, 4114.91, 4822.56, 5488.27, 6111.29
3, 1010.23, 1987.38, 2926.25, 3823.84, 4678.03, 5487.24, 6250.24, 6966.09
3.5, 1107.1, 2179.4, 3211.36, 4199.74, 5142.19, 6036.95, 6882.59, 7677.98
4, 1184.02, 2332.32, 3439.14, 4501.06, 5515.58, 6480.76, 7395.04, 8257.12
4.5, 1243.73, 2451.38, 3617.08, 4737.3, 5809.44, 6831.42, 7801.56, 8718.44
5, 1289.09, 2542.14, 3753.23, 4918.76, 6036.06, 7102.99, 8117.76, 9078.84
5.5, 1322.82, 2609.87, 3855.24, 5055.31, 6207.37, 7309.23, 8359.04, 9355.19
6, 1347.3, 2659.23, 3929.94, 5155.81, 6334.11, 7462.62, 8539.45, 9562.95
6.5, 1364.53, 2694.17, 3983.13, 5227.81, 6425.48, 7573.92, 8671.2, 9715.66
7, 1376.14, 2717.9, 4019.54, 5277.52, 6489.1, 7652.07, 8764.5, 9824.7
7.5, 1383.44, 2732.99, 4043.01, 5309.96, 6531.16, 7704.38, 8827.7, 9899.43
8, 1387.45, 2741.49, 4056.54, 5329.12, 6556.56, 7736.65, 8867.5, 9947.39
8.5, 1388.96, 2744.97, 4062.51, 5338.13, 6569.2, 7753.52, 8889.22, 9974.6
9, 1388.61, 2744.67, 4062.74, 5339.42, 6572.09, 7758.6, 8897.06, 9985.8
9.5, 1386.85, 2741.53, 4058.67, 5334.89, 6567.62, 7754.71, 8894.3, 9984.74
10, 1384.05, 2736.29, 4051.38, 5326.01, 6557.6, 7744.05, 8883.52, 9974.35
10.5, 1380.5, 2729.51, 4041.74, 5313.9, 6543.47, 7728.34, 8866.7, 9956.92
11, 1376.41, 2721.62, 4030.39, 5299.45, 6526.32, 7708.91, 8845.42, 9934.23
11.5, 1371.95, 2712.95, 4017.83, 5283.34, 6507.01, 7686.78, 8820.87, 9907.67
12, 1367.24, 2703.76, 4004.44, 5266.07, 6486.18, 7662.75, 8793.99, 9878.34
12.5, 1362.37, 2694.25, 3990.54, 5248.05, 6464.36, 7637.44, 8765.53, 9847.07
13, 1357.42, 2684.56, 3976.33, 5229.59, 6441.92, 7611.32, 8736.03, 9814.52
13.5, 1352.45, 2674.8, 3962, 5210.93, 6419.17, 7584.76, 8705.95, 9781.21
14, 1347.5, 2665.06, 3947.67, 5192.23, 6396.34, 7558.04, 8675.6, 9747.51
14.5, 1342.6, 2655.4, 3933.45, 5173.64, 6373.6, 7531.38, 8645.26, 9713.75
15, 1337.76, 2645.88, 3919.41, 5155.26, 6351.09, 7504.94, 8615.12, 9680.14
15.5, 1333.02, 2636.53, 3905.6, 5137.17, 6328.89, 7478.84, 8585.33, 9646.87
16, 1328.38, 2627.37, 3892.06, 5119.41, 6307.09, 7453.17, 8555.99, 9614.06
16.5, 1323.85, 2618.41, 3878.82, 5102.03, 6285.73, 7428, 8527.19, 9581.82
17, 1319.43, 2609.68, 3865.9, 5085.06, 6264.85, 7403.38, 8498.99, 9550.22
17.5, 1315.13, 2601.17, 3853.3, 5068.5, 6244.48, 7379.33, 8471.43, 9519.31
18, 1310.94, 2592.9, 3841.04, 5052.38, 6224.62, 7355.88, 8444.53, 9489.11
18.5, 1306.88, 2584.85, 3829.12, 5036.69, 6205.29, 7333.03, 8418.3, 9459.65
19, 1302.93, 2577.04, 3817.53, 5021.43, 6186.48, 7310.79, 8392.75, 9430.94
19.5, 1299.09, 2569.44, 3806.27, 5006.6, 6168.19, 7289.15, 8367.89, 9402.97
20, 1295.37, 2562.07, 3795.33, 4992.2, 6150.41, 7268.11, 8343.7, 9375.76
20.5, 1291.76, 2554.92, 3784.71, 4978.2, 6133.13, 7247.65, 8320.17, 9349.27
21, 1288.26, 2547.97, 3774.4, 4964.61, 6116.35, 7227.77, 8297.3, 9323.51
21.5, 1284.86, 2541.23, 3764.39, 4951.41, 6100.04, 7208.45, 8275.06, 9298.46
22, 1281.56, 2534.69, 3754.67, 4938.58, 6084.19, 7189.67, 8253.44, 9274.09
22.5, 1278.35, 2528.33, 3745.23, 4926.13, 6068.8, 7171.42, 8232.42, 9250.4
23, 1275.24, 2522.16, 3736.06, 4914.03, 6053.84, 7153.69, 8211.99, 9227.36
23.5, 1272.22, 2516.17, 3727.16, 4902.27, 6039.31, 7136.44, 8192.12, 9204.94
24, 1269.29, 2510.35, 3718.5, 4890.85, 6025.18, 7119.68, 8172.79, 9183.14
24.5, 1266.44, 2504.69, 3710.09, 4879.74, 6011.44, 7103.37, 8154, 9161.93
25, 1263.66, 2499.19, 3701.91, 4868.94, 5998.07, 7087.52, 8135.71, 9141.28
26, 1263.66, 2499.19, 3701.91, 4868.94, 5998.07, 7087.52, 8135.71, 9141.28
ENDTABLE

MU_REF_Y 1.0


LOG_ENTRY Used Dataset: Tire: Lateral Force; { Touring Tires } 205/55 R16
#Library : Tire: Lateral Force
#DataSet : 205/55 R16
#Category: Touring Tires
#FileID  : TireFy_0a65547f-5321-4421-8629-139f645ab720
#Product : CarSim 2020.0
#VehCode Tire: Fy

END
