PARSFILE
#FullDataName Tire: Lateral Force`Typical Large Vehicle`Reference Tires
#CheckBox0 0    

#RingCtrl0 CARPET_FROM_ZERO
#RadioCtrl0 0    
#RadioCtrl1 0    

*3D_XLabel Vertical load (N)
*3D_YLabel Abs. slip angle [Alpha] (deg)
*3D_ZLabel Abs. lateral tire force Fy (N)

#DiagramTwo0
*3D_DATA 5, 41 ! columns x rows
FY_TIRE_CARPET 2D_FROM_ZERO
0, 2200, 4125, 6250, 8105, 10525
0.5, 371.574, 678.856, 941.636, 1081.15, 1129.98
1, 711.741, 1286.92, 1794.96, 2134.63, 2259.97
1.5, 1003.47, 1827.64, 2554.55, 3062.29, 3328.12
2, 1252.96, 2304.37, 3225.53, 3887.25, 4258.73
2.5, 1463.36, 2720.55, 3812.72, 4615.44, 5088.52
3, 1637.72, 3079.42, 4321.05, 5252.64, 5823.69
3.5, 1778.91, 3384.53, 4755.64, 5804.39, 6469.76
4, 1890.07, 3639.14, 5121.3, 6276.69, 7032.74
4.5, 1974.15, 3846.79, 5423.07, 6675.14, 7518.42
5, 2034.01, 4010.72, 5665.67, 7005.36, 7932.33
5.5, 2072.8, 4134.38, 5854.31, 7273.07, 8280.28
6, 2093.08, 4221.31, 5993.63, 7483.76, 8567.87
6.5, 2098.01, 4274.68, 6088.54, 7643.07, 8800.42
7, 2090.03, 4297.91, 6143.97, 7756.29, 8983.45
7.5, 2072.01, 4294.57, 6164.74, 7828.95, 9122.27
8, 2046.32, 4267.88, 6155.59, 7866.27, 9221.91
8.5, 2015.4, 4221.22, 6121.23, 7873.26, 9287.48
9, 1981.24, 4158.11, 6066.19, 7854.85, 9323.52
9.5, 1945.89, 4081.9, 5995.1, 7815.86, 9334.84
10, 1910.84, 3995.85, 5912.2, 7760.62, 9325.49
10.5, 1877.27, 3903.5, 5821.72, 7693.38, 9299.59
11, 1846.25, 3808.19, 5727.5, 7617.96, 9260.8
11.5, 1818.19, 3713.18, 5632.98, 7537.72, 9212.36
12, 1793.48, 3621.81, 5541.42, 7455.7, 9157.42
12.5, 1772.02, 3537.44, 5455.17, 7374.38, 9098.25
13, 1753.61, 3463.2, 5376.21, 7295.71, 9037.21
13.5, 1738.05, 3401.76, 5305.81, 7221.18, 8976.07
14, 1724.95, 3355.29, 5244.37, 7151.87, 8916.11
14.5, 1713.93, 3324.08, 5192, 7088.36, 8858.41
15, 1704.67, 3306.06, 5148.08, 7030.96, 8803.67
15.5, 1696.99, 3296.71, 5111.66, 6979.57, 8752.47
16, 1690.4, 3292.08, 5081.82, 6933.88, 8705.11
16.5, 1684.98, 3289.62, 5057.5, 6893.71, 8661.4
17, 1680.26, 3288.34, 5037.71, 6858.37, 8621.62
17.5, 1676.32, 3287.56, 5021.57, 6827.36, 8585.39
18, 1672.97, 3286.96, 5008.28, 6800.38, 8552.61
18.5, 1670.02, 3286.67, 4997.45, 6776.75, 8523.07
19, 1667.46, 3286.47, 4988.49, 6756.07, 8496.39
19.5, 1665.29, 3286.28, 4981.1, 6738.06, 8472.46
20, 1645.8, 3285.59, 4932.17, 6586.73, 8238.63
21, 1645.8, 3285.59, 4932.07, 6586.24, 8237.64
ENDTABLE

MU_REF_Y 1


LOG_ENTRY Used Dataset: Tire: Lateral Force; { Reference Tires } Typical Large Vehicle
#Library : Tire: Lateral Force
#DataSet : Typical Large Vehicle
#Category: Reference Tires
#FileID  : TireFy_e974165d-b272-4eaf-8f4c-3fecec4947b6
#Product : CarSim 2020.0
#VehCode Tire: Fy

END
