PARSFILE
#FullDataName Steering: Power Assist Force`Symetrical, Low Boost Curve`Speed Sensitive
#CheckBox0 0    

#RingCtrl0 CARPET
*3D_XLabel Vehicle speed (kph)
*3D_YLabel Torsion bar torque (N-m)
*3D_ZLabel Power assist force (N)

#DiagramTwo0
*3D_DATA 6, 63 ! columns x rows
F_BOOST_R_CARPET 2D_LINEAR
0, 0, 20, 50, 80, 120, 200
-16, -1250, -1250, -1250, -1250, -1250, -1250
-15, -1250, -1250, -1250, -1250, -1250, -1250
-14.5, -1250, -1250, -1250, -1250, -1250, -1250
-14, -1250, -1250, -1250, -1250, -1250, -1250
-13.5, -1250, -1250, -1250, -1250, -1250, -1250
-13, -1250, -1250, -1250, -1250, -1250, -1250
-12.5, -1250, -1250, -1250, -1250, -1250, -1250
-12, -1250, -1250, -1250, -1250, -1250, -1250
-11.5, -1250, -1250, -1250, -1250, -1133.4, -1070.66
-11, -1250, -1210, -1213.97, -1140.425, -868.065, -750.255
-10.5, -1250, -1102.5, -1031.56, -907.965, -656.645, -517.11
-10, -1250, -1000, -869.625, -714.895, -490, -350
-9.5, -1250, -902.5, -726.715, -556.015, -360.195, -232.195
-9, -1250, -810, -601.425, -426.61, -260.405, -150.665
-8.5, -1250, -722.5, -492.38, -322.4, -184.805, -95.37
-8, -1250, -640, -398.245, -239.545, -128.45, -58.72
-7.5, -1250, -562.5, -317.72, -174.6, -87.21, -35.04
-7, -1250, -490, -249.56, -124.515, -57.65, -20.175
-6.5, -1250, -422.5, -192.545, -86.6, -36.955, -11.155
-6, -1250, -360, -145.5, -58.505, -22.86, -5.88
-5.5, -1250, -302.5, -107.3, -38.195, -13.565, -2.93
-5, -1250, -250, -76.865, -23.945, -7.655, -1.365
-4.5, -1139.065, -202.5, -53.16, -14.29, -4.07, -0.59
-4, -800, -160, -35.2, -8.025, -2.005, -0.23
-3.5, -535.94, -122.5, -22.06, -4.17, -0.9, -0.08
-3, -337.5, -90, -12.86, -1.96, -0.355, -0.025
-2.5, -195.315, -62.5, -6.795, -0.8, -0.12, -0.005
-2, -100, -40, -3.11, -0.27, -0.03, 0
-1.5, -42.19, -22.5, -1.135, -0.065, -0.005, 0
-1, -12.5, -10, -0.275, -0.01, 0, 0
-0.5, -1.565, -2.5, -0.025, 0, 0, 0
0, 0, 0, 0, 0, 0, 0
0.5, 1.565, 2.5, 0.025, 0, 0, 0
1, 12.5, 10, 0.275, 0.01, 0, 0
1.5, 42.19, 22.5, 1.135, 0.065, 0.005, 0
2, 100, 40, 3.11, 0.27, 0.03, 0
2.5, 195.315, 62.5, 6.795, 0.8, 0.12, 0.005
3, 337.5, 90, 12.86, 1.96, 0.355, 0.025
3.5, 535.94, 122.5, 22.06, 4.17, 0.9, 0.08
4, 800, 160, 35.2, 8.025, 2.005, 0.23
4.5, 1139.065, 202.5, 53.16, 14.29, 4.07, 0.59
5, 1250, 250, 76.865, 23.945, 7.655, 1.365
5.5, 1250, 302.5, 107.3, 38.195, 13.565, 2.93
6, 1250, 360, 145.5, 58.505, 22.86, 5.88
6.5, 1250, 422.5, 192.545, 86.6, 36.955, 11.155
7, 1250, 490, 249.56, 124.515, 57.65, 20.175
7.5, 1250, 562.5, 317.72, 174.6, 87.21, 35.04
8, 1250, 640, 398.245, 239.545, 128.45, 58.72
8.5, 1250, 722.5, 492.38, 322.4, 184.805, 95.37
9, 1250, 810, 601.425, 426.61, 260.405, 150.665
9.5, 1250, 902.5, 726.715, 556.015, 360.195, 232.195
10, 1250, 1000, 869.625, 714.895, 490, 350
10.5, 1250, 1102.5, 1031.56, 907.965, 656.645, 517.11
11, 1250, 1210, 1213.97, 1140.425, 868.065, 750.255
11.5, 1250, 1250, 1250, 1250, 1133.4, 1070.66
12, 1250, 1250, 1250, 1250, 1250, 1250
12.5, 1250, 1250, 1250, 1250, 1250, 1250
13, 1250, 1250, 1250, 1250, 1250, 1250
13.5, 1250, 1250, 1250, 1250, 1250, 1250
14, 1250, 1250, 1250, 1250, 1250, 1250
14.5, 1250, 1250, 1250, 1250, 1250, 1250
15, 1250, 1250, 1250, 1250, 1250, 1250
16, 1250, 1250, 1250, 1250, 1250, 1250
ENDTABLE

#RadioCtrl0 0    
#RadioCtrl1 0    

TC_BOOST 0.08
F_BOOST_MAX 1250


LOG_ENTRY Used Dataset: Steering: Power Assist Force; { Speed Sensitive } Symetrical, Low Boost Curve
#Library : Steering: Power Assist Force
#DataSet : Symetrical, Low Boost Curve
#Category: Speed Sensitive
#FileID  : FBoost_ac36f7dc-3e4c-4981-b178-322f05bc48f8
#Product : CarSim 2020.0
#VehCode Power Assist Force

END
