PARSFILE
#FullDataName Steering: Power Assist Force`D-Class Minivan, Not Spd Sens`D-Class
#CheckBox0 0    

#RingCtrl0 SPLINE
#RingCtrl1 CONSTANT
#RingCtrl2 ADD
F_BOOST_R_COMBINE ADD
#DiagramOne0
F_BOOST_R_TABLE SPLINE
-9, -6755.8
-8.85, -6586.8
-8.7, -6418
-8.55, -6249
-8.4, -6080
-8.25, -5911.2
-8.1, -5742.4
-7.95, -5573.4
-7.8, -5404.6
-7.65, -5235.6
-7.5, -5066.8
-7.35, -4897.9
-7.2, -4729
-7.05, -4560.1
-6.9, -4391.2
-6.75, -4222.2
-6.6, -4053.4
-6.45, -3884.5
-6.3, -3715.7
-5.7, -3158.3
-5.55, -3048.5
-5.4, -2938.7
-5.25, -2829
-5.1, -2719.2
-4.95, -2609.4
-4.8, -2499.6
-4.65, -2389.8
-4.5, -2280
-4.35, -2170.2
-4.2, -2060.5
-4.05, -1950.7
-3.9, -1840.9
-3.75, -1731.1
-3.6, -1621.3
-3.45, -1511.5
-3.3, -1401.8
-3.15, -1292
-3, -1182.2
-2.85, -1072.4
-2.7, -962.72
-2.55, -852.94
-2.4, -743.12
-2.25, -633.35
-2.1, -523.56
-1.95, -413.78
-1.8, -304.01
-1.2, -67.556
-1.05, -59.112
-0.9, -50.668
-0.75, -42.222
-0.6, -33.778
-0.45, -25.333
-0.3, -16.889
-0.15, -8.4445
0, 0
0.15, 8.4445
0.3, 16.889
0.45, 25.333
0.6, 33.778
0.75, 42.222
0.9, 50.668
1.05, 59.112
1.2, 67.556
1.8, 304.01
1.95, 413.78
2.1, 523.56
2.25, 633.35
2.4, 743.12
2.55, 852.94
2.7, 962.72
2.85, 1072.4
3, 1182.2
3.15, 1292
3.3, 1401.8
3.45, 1511.5
3.6, 1621.3
3.75, 1731.1
3.9, 1840.9
4.05, 1950.7
4.2, 2060.5
4.35, 2170.2
4.5, 2280
4.65, 2389.8
4.8, 2499.6
4.95, 2609.4
5.1, 2719.2
5.25, 2829
5.4, 2938.7
5.55, 3048.5
5.7, 3158.3
6.3, 3715.7
6.45, 3884.5
6.6, 4053.4
6.75, 4222.2
6.9, 4391.2
7.05, 4560.1
7.2, 4729
7.35, 4897.9
7.5, 5066.8
7.65, 5235.6
7.8, 5404.6
7.95, 5573.4
8.1, 5742.4
8.25, 5911.2
8.4, 6080
8.55, 6249
8.7, 6418
8.85, 6586.8
9, 6755.8
ENDTABLE
F_BOOST_R_V_CONSTANT 0
#RadioCtrl0 0    
#RadioCtrl1 0    

*SCALAR2 0
TC_BOOST 0.04
F_BOOST_MAX 6500


LOG_ENTRY Used Dataset: Steering: Power Assist Force; { D-Class } D-Class Minivan, Not Spd Sens
#Library : Steering: Power Assist Force
#DataSet : D-Class Minivan, Not Spd Sens
#Category: D-Class
#FileID  : FBoost_dd9adc64-db03-4f6d-bf9a-a082f11019a1
#Product : CarSim 2020.0
#VehCode Power Assist Force

END
