PARSFILE
#FullDataName Suspension: Toe Angle`Toe: Twist-Beam - Rear (2D)`Twist-Beam (2D): Generic Suspension
#CheckBox0 0    

#RingCtrl0 2D_SPLINE
*3D_XLabel jounce other side (mm)
*3D_YLabel Suspension cmp. (jounce) (mm)
*3D_ZLabel Toe angle (+toe = steer inward) (deg)

#DiagramTwo0
*3D_DATA 6, 45 ! columns x rows
TOE_CARPET 2D_SPLINE
0, -90, -60, -30, 0, 30, 60
-92.645, 0.2875, 0.38976, 0.4708, 0.53167, 0.57336, 0.59678
-88.645, 0.30327, 0.40659, 0.48865, 0.5505, 0.59313, 0.61744
-84.645, 0.31915, 0.42354, 0.50663, 0.56945, 0.61301, 0.63822
-80.645, 0.33515, 0.44061, 0.52471, 0.58852, 0.63302, 0.65912
-76.645, 0.35126, 0.45779, 0.54292, 0.60771, 0.65314, 0.68013
-72.645, 0.36748, 0.47508, 0.56124, 0.627, 0.67338, 0.70127
-68.645, 0.38382, 0.49249, 0.57967, 0.64642, 0.69373, 0.72251
-64.645, 0.40027, 0.51001, 0.59821, 0.66594, 0.71419, 0.74387
-60.645, 0.41683, 0.52764, 0.61687, 0.68558, 0.73477, 0.76535
-56.645, 0.4335, 0.54537, 0.63563, 0.70533, 0.75546, 0.78694
-52.645, 0.45028, 0.56323, 0.65451, 0.72519, 0.77627, 0.80864
-48.645, 0.46716, 0.58119, 0.6735, 0.74517, 0.79718, 0.83046
-44.645, 0.48416, 0.59926, 0.6926, 0.76526, 0.81822, 0.85239
-40.645, 0.50127, 0.61744, 0.71182, 0.78546, 0.83936, 0.87444
-36.645, 0.51849, 0.63574, 0.73114, 0.80577, 0.86062, 0.8966
-32.645, 0.53582, 0.65414, 0.75058, 0.8262, 0.882, 0.91888
-28.645, 0.55326, 0.67267, 0.77014, 0.84675, 0.9035, 0.94128
-24.645, 0.57082, 0.6913, 0.78981, 0.86741, 0.92511, 0.9638
-20.645, 0.58849, 0.71005, 0.8096, 0.8882, 0.94684, 0.98645
-16.645, 0.60628, 0.72892, 0.82951, 0.9091, 0.9687, 1.0092
-12.645, 0.62419, 0.74791, 0.84954, 0.93013, 0.99068, 1.0321
-8.645, 0.64221, 0.76703, 0.86969, 0.95127, 1.0128, 1.0551
-4.645, 0.66036, 0.78626, 0.88997, 0.97255, 1.035, 1.0783
-0.645, 0.67864, 0.80562, 0.91037, 0.99396, 1.0574, 1.1015
3.355, 0.69704, 0.82511, 0.93091, 1.0155, 1.0799, 1.125
7.355, 0.71557, 0.84473, 0.95157, 1.0372, 1.1025, 1.1485
11.355, 0.73423, 0.86449, 0.97238, 1.059, 1.1253, 1.1722
15.355, 0.75303, 0.88438, 0.99333, 1.0809, 1.1482, 1.1961
19.355, 0.77197, 0.90442, 1.0144, 1.103, 1.1713, 1.22
23.355, 0.79105, 0.9246, 1.0357, 1.1253, 1.1945, 1.2442
27.355, 0.81028, 0.94494, 1.057, 1.1477, 1.2179, 1.2685
31.355, 0.82967, 0.96543, 1.0786, 1.1703, 1.2414, 1.293
35.355, 0.84921, 0.98607, 1.1003, 1.193, 1.2651, 1.3176
39.355, 0.86891, 1.0069, 1.1222, 1.2159, 1.289, 1.3424
43.355, 0.88878, 1.0279, 1.1442, 1.2389, 1.313, 1.3674
47.355, 0.90882, 1.049, 1.1665, 1.2622, 1.3373, 1.3926
51.355, 0.92903, 1.0704, 1.1889, 1.2856, 1.3617, 1.418
55.355, 0.94943, 1.0919, 1.2115, 1.3093, 1.3863, 1.4435
59.355, 0.97002, 1.1136, 1.2342, 1.3331, 1.4111, 1.4693
63.355, 0.99081, 1.1355, 1.2572, 1.3571, 1.4362, 1.4953
67.355, 1.0118, 1.1576, 1.2804, 1.3814, 1.4614, 1.5215
71.355, 1.033, 1.1799, 1.3039, 1.4058, 1.4869, 1.5479
75.355, 1.0544, 1.2025, 1.3275, 1.4305, 1.5126, 1.5746
79.355, 1.076, 1.2253, 1.3514, 1.4554, 1.5385, 1.6014
83.355, 1.0979, 1.2483, 1.3755, 1.4806, 1.5647, 1.6286
ENDTABLE

#RadioCtrl0 0    
#RadioCtrl1 0    



#EMBEDDED_NOTES
#Twist-beam suspension geometry from reference SuspensionSim model.
#END_EMBEDDED_NOTES

LOG_ENTRY Used Dataset: Suspension: Toe Angle; { Twist-Beam (2D): Generic Suspension } Toe: Twist-Beam - Rear (2D)
#Library : Suspension: Toe Angle
#DataSet : Toe: Twist-Beam - Rear (2D)
#Category: Twist-Beam (2D): Generic Suspension
#FileID  : Toe_d1ba7e76-d5f9-49fb-87a5-c2af78b07c90
#Product : CarSim 2020.0
#VehCode Toe

END
