PARSFILE
#FullDataName Tire: Longitudinal Force`265/70 R17`Touring Tires
#CheckBox0 0    

#RingCtrl0 CARPET_FROM_ZERO
#RadioCtrl0 0    
#RadioCtrl1 0    

*3D_XLabel Vertical load (N)
*3D_YLabel Abs. slip ratio [Kappa] (-)
*3D_ZLabel Abs. longitudinal tire force Fx (N)

#DiagramTwo0
*3D_DATA 8, 51 ! columns x rows
FX_TIRE_CARPET 2D_FROM_ZERO
0, 2819.41, 5638.82, 8458.24, 11277.65, 14097.06, 16916.47, 19735.88, 22555.3
0.02, 837.04, 1590.26, 2247.31, 2801.79, 3249.91, 3589.58, 3820, 3941.48
0.04, 1484.82, 2844.24, 4055.7, 5104.26, 5978.14, 6667.59, 7164.57, 7462.73
0.06, 1910.99, 3690.56, 5311.31, 6752.07, 7993.35, 9016.19, 9801.87, 10332.05
0.08, 2175.67, 4228.06, 6129.44, 7856.59, 9386.26, 10693.73, 11752.06, 12531.84
0.1, 2340.95, 4569.3, 6659.01, 8587.53, 10331.22, 11863.58, 13153.91, 14166.19
0.12, 2447.28, 4791.46, 7008.72, 9078.2, 10977.57, 12681.05, 14157.57, 15368.86
0.14, 2517.98, 4940.61, 7246.14, 9415.56, 11428.42, 13260.74, 14882.91, 16257.27
0.16, 2566.32, 5043.52, 7411.59, 9653.25, 11749.91, 13679.66, 15415.1, 16920.65
0.18, 2600.04, 5116.01, 7529.36, 9824.26, 11983.82, 13988.11, 15812.07, 17422.73
0.2, 2623.82, 5167.74, 7614.43, 9949.28, 12156.83, 14218.94, 16112.75, 17807.99
0.22, 2640.6, 5204.83, 7676.36, 10041.6, 12286.34, 14393.93, 16343.51, 18107.34
0.24, 2652.32, 5231.29, 7721.45, 10110.07, 12383.97, 14527.82, 16522.46, 18342.46
0.26, 2660.27, 5249.85, 7753.99, 10160.72, 12457.72, 14630.79, 16662.27, 18528.73
0.28, 2665.39, 5262.42, 7777, 10197.79, 12513.22, 14710.08, 16771.97, 18677.25
0.3, 2668.32, 5270.37, 7792.63, 10224.32, 12554.54, 14770.89, 16858.13, 18796.13
0.32, 2669.54, 5274.71, 7802.48, 10242.57, 12584.66, 14817.1, 16925.61, 18891.43
0.34, 2669.43, 5276.2, 7807.75, 10254.23, 12605.85, 14851.61, 16978.08, 18967.72
0.36, 2668.27, 5275.43, 7809.35, 10260.59, 12619.82, 14876.63, 17018.36, 19028.52
0.38, 2666.26, 5272.84, 7807.99, 10262.65, 12627.92, 14893.9, 17048.63, 19076.57
0.4, 2663.57, 5268.79, 7804.24, 10261.22, 12631.2, 14904.78, 17070.62, 19114.03
0.42, 2660.35, 5263.56, 7798.55, 10256.92, 12630.51, 14910.36, 17085.71, 19142.64
0.44, 2656.71, 5257.38, 7791.27, 10250.26, 12626.53, 14911.53, 17095.01, 19163.78
0.46, 2652.72, 5250.44, 7782.7, 10241.66, 12619.81, 14908.99, 17099.43, 19178.6
0.48, 2648.46, 5242.89, 7773.08, 10231.46, 12610.82, 14903.34, 17099.72, 19188.03
0.5, 2643.99, 5234.85, 7762.61, 10219.94, 12599.92, 14895.06, 17096.5, 19192.85
0.52, 2639.37, 5226.43, 7751.45, 10207.34, 12587.44, 14884.58, 17090.29, 19193.72
0.54, 2634.62, 5217.7, 7739.74, 10193.85, 12573.63, 14872.22, 17081.52, 19191.18
0.56, 2629.78, 5208.75, 7727.59, 10179.64, 12558.73, 14858.29, 17070.57, 19185.71
0.58, 2624.89, 5199.62, 7715.1, 10164.85, 12542.93, 14843.02, 17057.76, 19177.69
0.6, 2619.95, 5190.38, 7702.35, 10149.6, 12526.38, 14826.64, 17043.34, 19167.47
0.62, 2615, 5181.06, 7689.42, 10133.98, 12509.21, 14809.32, 17027.57, 19155.34
0.64, 2610.05, 5171.69, 7676.35, 10118.09, 12491.56, 14791.22, 17010.63, 19141.56
0.66, 2605.11, 5162.32, 7663.2, 10101.99, 12473.52, 14772.47, 16992.7, 19126.35
0.68, 2600.2, 5152.96, 7650.01, 10085.74, 12455.17, 14753.19, 16973.93, 19109.9
0.7, 2595.31, 5143.63, 7636.82, 10069.41, 12436.59, 14733.48, 16954.46, 19092.38
0.72, 2590.47, 5134.35, 7623.65, 10053.03, 12417.85, 14713.43, 16934.39, 19073.93
0.74, 2585.67, 5125.14, 7610.53, 10036.65, 12399, 14693.1, 16913.83, 19054.7
0.76, 2580.92, 5116, 7597.49, 10020.29, 12380.09, 14672.58, 16892.87, 19034.78
0.78, 2576.23, 5106.96, 7584.53, 10004, 12361.16, 14651.91, 16871.58, 19014.28
0.8, 2571.6, 5098, 7571.68, 9987.78, 12342.25, 14631.14, 16850.03, 18993.3
0.82, 2567.03, 5089.16, 7558.95, 9971.66, 12323.39, 14610.33, 16828.28, 18971.91
0.84, 2562.52, 5080.42, 7546.35, 9955.67, 12304.6, 14589.51, 16806.39, 18950.18
0.86, 2558.08, 5071.79, 7533.88, 9939.81, 12285.91, 14568.71, 16784.39, 18928.17
0.88, 2553.71, 5063.29, 7521.56, 9924.09, 12267.34, 14547.96, 16762.34, 18905.94
0.9, 2549.4, 5054.9, 7509.39, 9908.54, 12248.9, 14527.29, 16740.27, 18883.54
0.92, 2545.17, 5046.63, 7497.38, 9893.15, 12230.61, 14506.71, 16718.2, 18861.01
0.94, 2541, 5038.48, 7485.52, 9877.93, 12212.48, 14486.26, 16696.17, 18838.4
0.96, 2536.89, 5030.46, 7473.83, 9862.89, 12194.53, 14465.94, 16674.21, 18815.73
0.98, 2532.86, 5022.56, 7462.3, 9848.04, 12176.75, 14445.76, 16652.32, 18793.04
1, 2528.89, 5014.78, 7450.93, 9833.37, 12159.16, 14425.75, 16630.54, 18770.35
1.02, 2528.89, 5014.78, 7450.93, 9833.37, 12159.16, 14425.75, 16630.54, 18770.35
ENDTABLE

MU_REF_X 1.0


LOG_ENTRY Used Dataset: Tire: Longitudinal Force; { Touring Tires } 265/70 R17
#Library : Tire: Longitudinal Force
#DataSet : 265/70 R17
#Category: Touring Tires
#FileID  : TireFx_4f613f38-7467-4751-8690-96d1fe34a410
#Product : CarSim 2020.0
#VehCode Tire: Fx

END
