PARSFILE
#FullDataName Tire: Longitudinal Force`MF-Tyre Example`MF-Tyre Example
#CheckBox0 0    

#RingCtrl0 CARPET_FROM_ZERO
#RadioCtrl0 0    
#RadioCtrl1 0    

*3D_XLabel Vertical load (N)
*3D_YLabel Abs. slip ratio [Kappa] (-)
*3D_ZLabel Abs. longitudinal tire force Fx (N)

#DiagramTwo0
*3D_DATA 3, 40 ! columns x rows
FX_TIRE_CARPET 2D_FROM_ZERO
0, 2000, 4000, 6000
0.025, 806.695, 1873.43, 2951.6
0.05, 1436.1, 3151.2, 4778.17
0.075, 1834.25, 3811.03, 5616.64
0.1, 2046.5, 4086.8, 5931.24
0.125, 2140.19, 4166.09, 6004.46
0.15, 2166.84, 4152.54, 5970.11
0.175, 2158.19, 4097.66, 5889.47
0.2, 2132.13, 4026.37, 5791.06
0.225, 2098.33, 3950.67, 5688.39
0.25, 2061.93, 3876.2, 5587.85
0.275, 2025.59, 3805.52, 5492.31
0.3, 1990.64, 3739.63, 5402.93
0.325, 1957.68, 3678.76, 5319.97
0.35, 1926.94, 3622.76, 5243.27
0.375, 1898.43, 3571.33, 5172.46
0.4, 1872.07, 3524.09, 5107.09
0.425, 1847.7, 3480.66, 5046.7
0.45, 1825.19, 3440.66, 4990.82
0.475, 1804.37, 3403.77, 4939.05
0.5, 1785.09, 3369.66, 4890.99
0.525, 1767.2, 3338.07, 4846.3
0.55, 1750.58, 3308.73, 4804.65
0.575, 1735.11, 3281.44, 4765.78
0.6, 1720.68, 3256, 4729.41
0.625, 1707.21, 3232.24, 4695.34
0.65, 1694.59, 3210, 4663.36
0.675, 1682.77, 3189.14, 4633.3
0.7, 1671.66, 3169.55, 4604.98
0.725, 1661.21, 3151.11, 4578.27
0.75, 1651.36, 3133.73, 4553.04
0.775, 1642.08, 3117.33, 4529.17
0.8, 1633.3, 3101.82, 4506.56
0.825, 1624.99, 3087.14, 4485.11
0.85, 1617.11, 3073.22, 4464.74
0.875, 1609.64, 3060.01, 4445.36
0.9, 1602.55, 3047.45, 4426.92
0.925, 1595.79, 3035.5, 4409.34
0.95, 1589.37, 3024.11, 4392.57
0.975, 1583.24, 3013.25, 4376.55
1, 1583.24, 3013.25, 4376.55
ENDTABLE

MU_REF_X 1.0


LOG_ENTRY Used Dataset: Tire: Longitudinal Force; { MF-Tyre Example } MF-Tyre Example
#Library : Tire: Longitudinal Force
#DataSet : MF-Tyre Example
#Category: MF-Tyre Example
#FileID  : TireFx_cc06c44b-a2b6-422a-8eaf-5bba9720ab0c
#Product : CarSim 2020.0
#VehCode Tire: Fx

END
