PARSFILE
#FullDataName Tire: Longitudinal Force`235/65 R17`Touring Tires
#CheckBox0 0    

#RingCtrl0 CARPET_FROM_ZERO
#RadioCtrl0 0    
#RadioCtrl1 0    

*3D_XLabel Vertical load (N)
*3D_YLabel Abs. slip ratio [Kappa] (-)
*3D_ZLabel Abs. longitudinal tire force Fx (N)

#DiagramTwo0
*3D_DATA 8, 51 ! columns x rows
FX_TIRE_CARPET 2D_FROM_ZERO
0, 1961.33, 3922.66, 5883.99, 7845.32, 9806.65, 11767.98, 13729.31, 15690.64
0.02, 994.8, 1948.94, 2853.1, 3701.47, 4489.81, 5214.84, 5874, 6465.28
0.04, 1528.15, 3004.76, 4418.64, 5762.46, 7030.42, 8217.64, 9319.81, 10333.03
0.06, 1759.89, 3468.09, 5114.13, 6691.11, 8193.46, 9616.34, 10955.29, 12206.12
0.08, 1863.02, 3675.84, 5428.9, 7115.94, 8731.91, 10272.38, 11733.27, 13110.68
0.1, 1910.45, 3772.22, 5576.47, 7317.44, 8990.55, 10591.76, 12117.38, 13563.87
0.12, 1931.29, 3815.22, 5643.49, 7410.78, 9112.82, 10745.91, 12306.67, 13791.86
0.14, 1938.32, 3830.4, 5668.4, 7447.27, 9163.05, 10812.29, 12391.84, 13898.74
0.16, 1937.76, 3830.26, 5669.98, 7452.14, 9172.98, 10829.26, 12418.05, 13936.57
0.18, 1932.93, 3821.42, 5658.25, 7438.82, 9159.56, 10817.41, 12409.58, 13933.48
0.2, 1925.67, 3807.62, 5638.84, 7414.93, 9132.44, 10788.45, 12380.34, 13905.62
0.22, 1917.07, 3791.05, 5615.11, 7384.98, 9097.35, 10749.41, 12338.65, 13862.73
0.24, 1907.8, 3773.06, 5589.1, 7351.75, 9057.83, 10704.62, 12289.7, 13810.85
0.26, 1898.28, 3754.48, 5562.06, 7316.97, 9016.09, 10656.8, 12236.78, 13753.87
0.28, 1888.74, 3735.82, 5534.81, 7281.74, 8973.56, 10607.74, 12182.01, 13694.32
0.3, 1879.35, 3717.41, 5507.84, 7246.75, 8931.14, 10558.55, 12126.78, 13633.85
0.32, 1870.21, 3699.46, 5481.48, 7212.44, 8889.42, 10509.98, 12072.01, 13573.56
0.34, 1861.37, 3682.07, 5455.91, 7179.09, 8848.74, 10462.49, 12018.26, 13514.18
0.36, 1852.87, 3665.33, 5431.23, 7146.85, 8809.34, 10416.38, 11965.93, 13456.15
0.38, 1844.71, 3649.25, 5407.51, 7115.81, 8771.34, 10371.81, 11915.22, 13399.79
0.4, 1836.91, 3633.85, 5384.77, 7086, 8734.79, 10328.87, 11866.27, 13345.25
0.42, 1829.45, 3619.11, 5362.99, 7057.43, 8699.72, 10287.59, 11819.14, 13292.63
0.44, 1822.32, 3605.03, 5342.16, 7030.08, 8666.09, 10247.97, 11773.82, 13241.96
0.46, 1815.52, 3591.58, 5322.24, 7003.91, 8633.88, 10209.98, 11730.32, 13193.23
0.48, 1809.03, 3578.74, 5303.21, 6978.87, 8603.05, 10173.57, 11688.57, 13146.42
0.5, 1802.83, 3566.47, 5285.02, 6954.93, 8573.54, 10138.69, 11648.54, 13101.46
0.52, 1796.91, 3554.75, 5267.64, 6932.04, 8545.29, 10105.27, 11610.14, 13058.31
0.54, 1791.26, 3543.55, 5251.02, 6910.13, 8518.25, 10073.25, 11573.33, 13016.89
0.56, 1785.86, 3532.85, 5235.12, 6889.17, 8492.36, 10042.57, 11538.02, 12977.13
0.58, 1780.69, 3522.61, 5219.91, 6869.1, 8467.55, 10013.16, 11504.15, 12938.96
0.6, 1775.75, 3512.81, 5205.35, 6849.87, 8443.78, 9984.96, 11471.65, 12902.3
0.62, 1771.02, 3503.42, 5191.39, 6831.45, 8420.98, 9957.9, 11440.45, 12867.08
0.64, 1766.48, 3494.43, 5178.02, 6813.78, 8399.11, 9931.93, 11410.48, 12833.24
0.66, 1762.14, 3485.8, 5165.19, 6796.83, 8378.12, 9906.99, 11381.69, 12800.7
0.68, 1757.97, 3477.53, 5152.88, 6780.55, 8357.96, 9883.03, 11354.01, 12769.41
0.7, 1753.97, 3469.59, 5141.06, 6764.92, 8338.59, 9859.99, 11327.39, 12739.29
0.72, 1750.13, 3461.96, 5129.71, 6749.9, 8319.96, 9837.83, 11301.77, 12710.29
0.74, 1746.44, 3454.63, 5118.79, 6735.45, 8302.04, 9816.51, 11277.11, 12682.36
0.76, 1742.88, 3447.57, 5108.28, 6721.54, 8284.79, 9795.97, 11253.35, 12655.44
0.78, 1739.47, 3440.78, 5098.17, 6708.16, 8268.18, 9776.19, 11230.45, 12629.49
0.8, 1736.18, 3434.25, 5088.43, 6695.26, 8252.17, 9757.11, 11208.37, 12604.45
0.82, 1733.01, 3427.95, 5079.04, 6682.82, 8236.73, 9738.72, 11187.06, 12580.28
0.84, 1729.95, 3421.87, 5069.99, 6670.83, 8221.84, 9720.97, 11166.49, 12556.95
0.86, 1727.01, 3416.02, 5061.25, 6659.26, 8207.46, 9703.82, 11146.63, 12534.4
0.88, 1724.16, 3410.36, 5052.82, 6648.08, 8193.58, 9687.27, 11127.43, 12512.61
0.9, 1721.42, 3404.9, 5044.68, 6637.28, 8180.16, 9671.26, 11108.87, 12491.53
0.92, 1718.76, 3399.62, 5036.81, 6626.85, 8167.19, 9655.79, 11090.92, 12471.14
0.94, 1716.2, 3394.52, 5029.2, 6616.76, 8154.65, 9640.81, 11073.55, 12451.4
0.96, 1713.72, 3389.59, 5021.83, 6606.99, 8142.5, 9626.32, 11056.73, 12432.28
0.98, 1711.32, 3384.81, 5014.71, 6597.54, 8130.75, 9612.29, 11040.44, 12413.76
1, 1708.99, 3380.19, 5007.81, 6588.39, 8119.36, 9598.69, 11024.66, 12395.81
1.02, 1708.99, 3380.19, 5007.81, 6588.39, 8119.36, 9598.69, 11024.66, 12395.81
ENDTABLE

MU_REF_X 1.0


LOG_ENTRY Used Dataset: Tire: Longitudinal Force; { Touring Tires } 235/65 R17
#Library : Tire: Longitudinal Force
#DataSet : 235/65 R17
#Category: Touring Tires
#FileID  : TireFx_8b0058da-db8c-4a15-a2ac-02f95d6a9065
#Product : CarSim 2020.0
#VehCode Tire: Fx

END
