PARSFILE
#FullDataName Tire: Longitudinal Force`205/55 R16`Touring Tires
#CheckBox0 0    

#RingCtrl0 CARPET_FROM_ZERO
#RadioCtrl0 0    
#RadioCtrl1 0    

*3D_XLabel Vertical load (N)
*3D_YLabel Abs. slip ratio [Kappa] (-)
*3D_ZLabel Abs. longitudinal tire force Fx (N)

#DiagramTwo0
*3D_DATA 8, 51 ! columns x rows
FX_TIRE_CARPET 2D_FROM_ZERO
0, 1348.41, 2696.83, 4045.24, 5393.66, 6742.07, 8090.49, 9438.9, 10787.32
0.02, 698.58, 1375.45, 2027.2, 2651.91, 3248.22, 3815.13, 4351.87, 4857.83
0.04, 1082.03, 2133.7, 3150.15, 4128.5, 5066.65, 5962.98, 6816.17, 7625.14
0.06, 1252.43, 2472.08, 3653.61, 4793.83, 5890.35, 6941.29, 7945.08, 8900.38
0.08, 1329.57, 2625.74, 3883.06, 5098.2, 6268.68, 7392.5, 8468, 9493.72
0.1, 1365.74, 2698.05, 3991.45, 5242.56, 6448.89, 7608.38, 8719.32, 9780.21
0.12, 1382.18, 2731.11, 4041.31, 5309.43, 6532.94, 7709.79, 8838.23, 9916.74
0.14, 1388.29, 2743.6, 4060.48, 5335.58, 6566.38, 7750.83, 8887.18, 9973.9
0.16, 1388.69, 2744.69, 4062.59, 5339.07, 6571.61, 7758.16, 8896.99, 9986.54
0.18, 1385.83, 2739.25, 4054.92, 5329.52, 6560.57, 7746.01, 8884.1, 9973.32
0.2, 1381.08, 2730.05, 4041.58, 5312.41, 6540.04, 7722.45, 8857.9, 9944.86
0.22, 1375.27, 2718.7, 4025.01, 5290.95, 6514.05, 7692.29, 8823.94, 9907.49
0.24, 1368.91, 2706.22, 4006.71, 5267.14, 6485.07, 7658.49, 8785.67, 9865.11
0.26, 1362.29, 2693.22, 3987.6, 5242.23, 6454.65, 7622.89, 8745.24, 9820.18
0.28, 1355.61, 2680.1, 3968.28, 5216.98, 6423.78, 7586.69, 8704.02, 9774.27
0.3, 1349.01, 2667.09, 3949.12, 5191.91, 6393.08, 7550.64, 8662.91, 9728.39
0.32, 1342.56, 2654.37, 3930.35, 5167.33, 6362.94, 7515.21, 8622.46, 9683.21
0.34, 1336.29, 2642.02, 3912.11, 5143.44, 6333.62, 7480.71, 8583.03, 9639.11
0.36, 1330.25, 2630.1, 3894.5, 5120.34, 6305.26, 7447.3, 8544.83, 9596.35
0.38, 1324.44, 2618.63, 3877.55, 5098.1, 6277.93, 7415.11, 8507.98, 9555.08
0.4, 1318.87, 2607.63, 3861.29, 5076.75, 6251.68, 7384.16, 8472.53, 9515.36
0.42, 1313.54, 2597.09, 3845.7, 5056.28, 6226.5, 7354.46, 8438.51, 9477.21
0.44, 1308.44, 2587.01, 3830.78, 5036.68, 6202.39, 7326.01, 8405.9, 9440.63
0.46, 1303.56, 2577.37, 3816.51, 5017.93, 6179.31, 7298.77, 8374.67, 9405.58
0.48, 1298.9, 2568.16, 3802.87, 5000, 6157.23, 7272.7, 8344.76, 9372.01
0.5, 1294.44, 2559.35, 3789.83, 4982.84, 6136.11, 7247.75, 8316.14, 9339.86
0.52, 1290.19, 2550.93, 3777.35, 4966.44, 6115.9, 7223.87, 8288.74, 9309.08
0.54, 1286.11, 2542.88, 3765.42, 4950.74, 6096.57, 7201.02, 8262.51, 9279.61
0.56, 1282.22, 2535.17, 3754.01, 4935.73, 6078.06, 7179.14, 8237.39, 9251.38
0.58, 1278.49, 2527.8, 3743.08, 4921.35, 6060.33, 7158.19, 8213.32, 9224.33
0.6, 1274.93, 2520.74, 3732.61, 4907.57, 6043.35, 7138.11, 8190.26, 9198.39
0.62, 1271.51, 2513.98, 3722.59, 4894.37, 6027.08, 7118.86, 8168.14, 9173.53
0.64, 1268.23, 2507.49, 3712.97, 4881.71, 6011.47, 7100.4, 8146.93, 9149.66
0.66, 1265.09, 2501.27, 3703.75, 4869.57, 5996.49, 7082.68, 8126.56, 9126.75
0.68, 1262.08, 2495.3, 3694.9, 4857.91, 5982.11, 7065.66, 8107, 9104.75
0.7, 1259.18, 2489.57, 3686.39, 4846.71, 5968.29, 7049.32, 8088.21, 9083.6
0.72, 1256.4, 2484.06, 3678.22, 4835.95, 5955.01, 7033.6, 8070.14, 9063.26
0.74, 1253.72, 2478.76, 3670.36, 4825.59, 5942.24, 7018.48, 8052.75, 9043.69
0.76, 1251.15, 2473.66, 3662.8, 4815.63, 5929.95, 7003.92, 8036.02, 9024.85
0.78, 1248.67, 2468.76, 3655.52, 4806.04, 5918.11, 6989.91, 8019.9, 9006.71
0.8, 1246.29, 2464.03, 3648.51, 4796.8, 5906.7, 6976.4, 8004.36, 8989.21
0.82, 1243.99, 2459.48, 3641.75, 4787.89, 5895.7, 6963.38, 7989.38, 8972.35
0.84, 1241.77, 2455.08, 3635.23, 4779.3, 5885.1, 6950.82, 7974.93, 8956.07
0.86, 1239.63, 2450.84, 3628.94, 4771.01, 5874.86, 6938.7, 7960.98, 8940.36
0.88, 1237.56, 2446.75, 3622.86, 4763, 5864.97, 6926.99, 7947.51, 8925.19
0.9, 1235.57, 2442.8, 3616.99, 4755.26, 5855.42, 6915.68, 7934.49, 8910.52
0.92, 1233.64, 2438.98, 3611.32, 4747.79, 5846.19, 6904.74, 7921.91, 8896.35
0.94, 1231.78, 2435.28, 3605.84, 4740.56, 5837.26, 6894.16, 7909.73, 8882.63
0.96, 1229.97, 2431.71, 3600.53, 4733.56, 5828.62, 6883.93, 7897.95, 8869.36
0.98, 1228.23, 2428.25, 3595.4, 4726.79, 5820.26, 6874.02, 7886.55, 8856.5
1, 1226.54, 2424.9, 3590.42, 4720.23, 5812.16, 6864.42, 7875.5, 8844.05
1.02, 1226.54, 2424.9, 3590.42, 4720.23, 5812.16, 6864.42, 7875.5, 8844.05
ENDTABLE

MU_REF_X 1.0


LOG_ENTRY Used Dataset: Tire: Longitudinal Force; { Touring Tires } 205/55 R16
#Library : Tire: Longitudinal Force
#DataSet : 205/55 R16
#Category: Touring Tires
#FileID  : TireFx_d53ad62e-6e31-4141-a6d3-eefd5234cda1
#Product : CarSim 2020.0
#VehCode Tire: Fx

END
