PARSFILE
#FullDataName Tire: Longitudinal Force`Touring: Peak = 0.96 at Kappa = 0.15`Normalized Tires
#CheckBox0 1    

#MiscYellow0
fx_tire_gain = FZ_REF
fz_scale_fx_tire = FZ_REF
#ENDMYellow

#RingCtrl0 CARPET_FROM_ZERO
#RadioCtrl0 0    
#RadioCtrl1 0    

*3D_XLabel Vertical load (N)
*3D_YLabel Abs. slip ratio [Kappa] (-)
*3D_ZLabel Abs. longitudinal tire force Fx (N)

#DiagramTwo0
*3D_DATA 8, 51 ! columns x rows
FX_TIRE_CARPET 2D_FROM_ZERO
0, 0.25, 0.5, 0.75, 1, 1.25, 1.5, 1.75, 2
0.02, 0.1295, 0.255, 0.3758, 0.4917, 0.6022, 0.7073, 0.8068, 0.9007
0.04, 0.2006, 0.3956, 0.584, 0.7654, 0.9394, 1.106, 1.264, 1.414
0.06, 0.2322, 0.4583, 0.6774, 0.8888, 1.092, 1.287, 1.473, 1.65
0.08, 0.2465, 0.4868, 0.7199, 0.9452, 1.162, 1.371, 1.57, 1.76
0.1, 0.2532, 0.5002, 0.74, 0.972, 1.196, 1.411, 1.617, 1.813
0.12, 0.2563, 0.5064, 0.7493, 0.9844, 1.211, 1.429, 1.639, 1.839
0.14, 0.2574, 0.5087, 0.7528, 0.9892, 1.217, 1.437, 1.648, 1.849
0.16, 0.2575, 0.5089, 0.7532, 0.9899, 1.218, 1.438, 1.65, 1.852
0.18, 0.2569, 0.5079, 0.7518, 0.9881, 1.216, 1.436, 1.647, 1.849
0.2, 0.2561, 0.5062, 0.7493, 0.9849, 1.213, 1.432, 1.642, 1.844
0.22, 0.255, 0.5041, 0.7462, 0.981, 1.208, 1.426, 1.636, 1.837
0.24, 0.2538, 0.5017, 0.7429, 0.9765, 1.202, 1.42, 1.629, 1.829
0.26, 0.2526, 0.4993, 0.7393, 0.9719, 1.197, 1.413, 1.621, 1.821
0.28, 0.2513, 0.4969, 0.7357, 0.9672, 1.191, 1.407, 1.614, 1.812
0.3, 0.2501, 0.4945, 0.7322, 0.9626, 1.185, 1.4, 1.606, 1.804
0.32, 0.2489, 0.4921, 0.7287, 0.958, 1.18, 1.393, 1.599, 1.795
0.34, 0.2478, 0.4898, 0.7253, 0.9536, 1.174, 1.387, 1.591, 1.787
0.36, 0.2466, 0.4876, 0.7221, 0.9493, 1.169, 1.381, 1.584, 1.779
0.38, 0.2456, 0.4855, 0.7189, 0.9452, 1.164, 1.375, 1.577, 1.772
0.4, 0.2445, 0.4835, 0.7159, 0.9412, 1.159, 1.369, 1.571, 1.764
0.42, 0.2435, 0.4815, 0.713, 0.9374, 1.154, 1.364, 1.565, 1.757
0.44, 0.2426, 0.4796, 0.7102, 0.9338, 1.15, 1.358, 1.558, 1.75
0.46, 0.2417, 0.4779, 0.7076, 0.9303, 1.146, 1.353, 1.553, 1.744
0.48, 0.2408, 0.4761, 0.7051, 0.927, 1.142, 1.348, 1.547, 1.738
0.5, 0.24, 0.4745, 0.7026, 0.9238, 1.138, 1.344, 1.542, 1.732
0.52, 0.2392, 0.4729, 0.7003, 0.9208, 1.134, 1.339, 1.537, 1.726
0.54, 0.2384, 0.4715, 0.6981, 0.9179, 1.13, 1.335, 1.532, 1.72
0.56, 0.2377, 0.47, 0.696, 0.9151, 1.127, 1.331, 1.527, 1.715
0.58, 0.237, 0.4687, 0.694, 0.9124, 1.124, 1.327, 1.523, 1.71
0.6, 0.2364, 0.4674, 0.692, 0.9099, 1.12, 1.323, 1.518, 1.705
0.62, 0.2357, 0.4661, 0.6902, 0.9074, 1.117, 1.32, 1.514, 1.701
0.64, 0.2351, 0.4649, 0.6884, 0.9051, 1.115, 1.316, 1.51, 1.696
0.66, 0.2346, 0.4637, 0.6867, 0.9028, 1.112, 1.313, 1.507, 1.692
0.68, 0.234, 0.4626, 0.685, 0.9007, 1.109, 1.31, 1.503, 1.688
0.7, 0.2335, 0.4616, 0.6835, 0.8986, 1.107, 1.307, 1.5, 1.684
0.72, 0.2329, 0.4606, 0.682, 0.8966, 1.104, 1.304, 1.496, 1.68
0.74, 0.2324, 0.4596, 0.6805, 0.8947, 1.102, 1.301, 1.493, 1.677
0.76, 0.232, 0.4586, 0.6791, 0.8928, 1.099, 1.299, 1.49, 1.673
0.78, 0.2315, 0.4577, 0.6777, 0.8911, 1.097, 1.296, 1.487, 1.67
0.8, 0.2311, 0.4568, 0.6764, 0.8893, 1.095, 1.293, 1.484, 1.667
0.82, 0.2306, 0.456, 0.6752, 0.8877, 1.093, 1.291, 1.481, 1.663
0.84, 0.2302, 0.4552, 0.674, 0.8861, 1.091, 1.289, 1.479, 1.66
0.86, 0.2298, 0.4544, 0.6728, 0.8846, 1.089, 1.286, 1.476, 1.658
0.88, 0.2294, 0.4536, 0.6717, 0.8831, 1.087, 1.284, 1.473, 1.655
0.9, 0.2291, 0.4529, 0.6706, 0.8816, 1.086, 1.282, 1.471, 1.652
0.92, 0.2287, 0.4522, 0.6695, 0.8803, 1.084, 1.28, 1.469, 1.649
0.94, 0.2284, 0.4515, 0.6685, 0.8789, 1.082, 1.278, 1.466, 1.647
0.96, 0.228, 0.4508, 0.6675, 0.8776, 1.081, 1.276, 1.464, 1.644
0.98, 0.2277, 0.4502, 0.6666, 0.8764, 1.079, 1.274, 1.462, 1.642
1, 0.2274, 0.4496, 0.6657, 0.8751, 1.078, 1.273, 1.46, 1.64
1.02, 0.2274, 0.4496, 0.6657, 0.8751, 1.078, 1.273, 1.46, 1.64
ENDTABLE

MU_REF_X 1.0


#EMBEDDED_NOTES
#This normalized data was made by taking the table for the 205/55 R18 and dividing by the load rating of 5394 N (550 kg) for both Fx and Fz.
#
#The table is scaled using the built-in tire reference force FZ_REF.
#END_EMBEDDED_NOTES

LOG_ENTRY Used Dataset: Tire: Longitudinal Force; { Normalized Tires } Touring: Peak = 0.96 at Kappa = 0.15
#Library : Tire: Longitudinal Force
#DataSet : Touring: Peak = 0.96 at Kappa = 0.15
#Category: Normalized Tires
#FileID  : TireFx_fd854240-a518-407f-a02f-7ebe149157dd
#Product : CarSim 2020.0
#VehCode Tire: Fx

END
