PARSFILE
#FullDataName Tire: Longitudinal Force`GT Front - 27/68 - 18`Racing Tires
#CheckBox0 0    

#RingCtrl0 CARPET_FROM_ZERO
#RadioCtrl0 0    
#RadioCtrl1 0    

*3D_XLabel Vertical load (N)
*3D_YLabel Abs. slip ratio [Kappa] (-)
*3D_ZLabel Abs. longitudinal tire force Fx (N)

#DiagramTwo0
*3D_DATA 8, 51 ! columns x rows
FX_TIRE_CARPET 2D_FROM_ZERO
0, 919.37, 1838.75, 2758.12, 3677.49, 4596.87, 5516.24, 6435.61, 7354.99
0.01, 1185.64, 2282.6, 3285.12, 4187.37, 4984.54, 5672.63, 6248.13, 6707.95
0.02, 1801.83, 3475.82, 5008.61, 6390.01, 7612.04, 8668.08, 9552.46, 10260.17
0.03, 2065.06, 3988.25, 5751.21, 7341.38, 8749.11, 9966.47, 10986.72, 11803.91
0.04, 2181.4, 4215.68, 6081.63, 7765.48, 9256.74, 10546.86, 11628.52, 12495.35
0.05, 2234.74, 4320.44, 6234.25, 7961.78, 9492.09, 10816.29, 11926.82, 12817.05
0.06, 2258.49, 4367.42, 6303.03, 8050.52, 9598.76, 10938.68, 12062.57, 12963.68
0.07, 2267.31, 4385.19, 6329.32, 8084.71, 9640.12, 10986.38, 12115.7, 13021.29
0.08, 2268.23, 4387.48, 6333.07, 8089.93, 9646.75, 10994.32, 12124.83, 13031.46
0.09, 2264.9, 4381.38, 6324.59, 8079.41, 9634.5, 10980.63, 12110, 13015.76
0.1, 2259.29, 4370.78, 6309.52, 8060.37, 9612, 10955.19, 12082.13, 12985.99
0.11, 2252.51, 4357.85, 6291.01, 8036.89, 9584.15, 10923.59, 12047.42, 12948.81
0.12, 2245.2, 4343.85, 6270.93, 8011.34, 9553.79, 10889.1, 12009.47, 12908.13
0.13, 2237.75, 4329.53, 6250.34, 7985.12, 9522.6, 10853.62, 11970.43, 12866.23
0.14, 2230.37, 4315.31, 6229.88, 7959.05, 9491.57, 10818.31, 11931.53, 12824.47
0.15, 2223.19, 4301.46, 6209.93, 7933.61, 9461.27, 10783.81, 11893.52, 12783.65
0.16, 2216.27, 4288.12, 6190.7, 7909.06, 9432.02, 10750.51, 11856.81, 12744.22
0.17, 2209.66, 4275.35, 6172.28, 7885.56, 9404.01, 10718.6, 11821.64, 12706.43
0.18, 2203.37, 4263.19, 6154.74, 7863.15, 9377.3, 10688.16, 11788.08, 12670.37
0.19, 2197.39, 4251.63, 6138.06, 7841.85, 9351.91, 10659.22, 11756.17, 12636.08
0.2, 2191.73, 4240.68, 6122.24, 7821.64, 9327.8, 10631.75, 11725.87, 12603.52
0.21, 2186.37, 4230.29, 6107.25, 7802.48, 9304.95, 10605.71, 11697.14, 12572.63
0.22, 2181.29, 4220.46, 6093.04, 7784.33, 9283.3, 10581.02, 11669.91, 12543.36
0.23, 2176.47, 4211.14, 6079.58, 7767.12, 9262.77, 10557.62, 11644.09, 12515.6
0.24, 2171.92, 4202.31, 6066.82, 7750.81, 9243.31, 10535.43, 11619.61, 12489.28
0.25, 2167.6, 4193.93, 6054.72, 7735.34, 9224.85, 10514.38, 11596.39, 12464.31
0.26, 2163.5, 4185.99, 6043.24, 7720.66, 9207.34, 10494.4, 11574.35, 12440.61
0.27, 2159.61, 4178.45, 6032.33, 7706.72, 9190.7, 10475.43, 11553.41, 12418.1
0.28, 2155.91, 4171.28, 6021.97, 7693.47, 9174.88, 10457.39, 11533.51, 12396.69
0.29, 2152.39, 4164.46, 6012.12, 7680.86, 9159.84, 10440.23, 11514.57, 12376.33
0.3, 2149.05, 4157.97, 6002.73, 7668.86, 9145.52, 10423.9, 11496.54, 12356.94
0.31, 2145.86, 4151.79, 5993.79, 7657.43, 9131.87, 10408.33, 11479.36, 12338.46
0.32, 2142.82, 4145.89, 5985.27, 7646.52, 9118.85, 10393.48, 11462.97, 12320.84
0.33, 2139.92, 4140.27, 5977.13, 7636.11, 9106.42, 10379.3, 11447.33, 12304.01
0.34, 2137.15, 4134.89, 5969.36, 7626.17, 9094.55, 10365.76, 11432.38, 12287.93
0.35, 2134.5, 4129.75, 5961.93, 7616.66, 9083.2, 10352.81, 11418.08, 12272.56
0.36, 2131.97, 4124.84, 5954.81, 7607.56, 9072.34, 10340.42, 11404.4, 12257.84
0.37, 2129.55, 4120.13, 5948, 7598.85, 9061.93, 10328.55, 11391.3, 12243.75
0.38, 2127.22, 4115.62, 5941.48, 7590.5, 9051.96, 10317.17, 11378.74, 12230.24
0.39, 2124.99, 4111.29, 5935.22, 7582.49, 9042.4, 10306.26, 11366.7, 12217.28
0.4, 2122.85, 4107.13, 5929.21, 7574.8, 9033.21, 10295.78, 11355.13, 12204.84
0.41, 2120.8, 4103.14, 5923.43, 7567.41, 9024.39, 10285.71, 11344.02, 12192.89
0.42, 2118.82, 4099.31, 5917.88, 7560.31, 9015.91, 10276.04, 11333.34, 12181.4
0.43, 2116.92, 4095.62, 5912.54, 7553.47, 9007.75, 10266.73, 11323.06, 12170.34
0.44, 2115.09, 4092.07, 5907.4, 7546.9, 8999.9, 10257.77, 11313.17, 12159.7
0.45, 2113.33, 4088.65, 5902.45, 7540.56, 8992.33, 10249.13, 11303.64, 12149.45
0.46, 2111.63, 4085.35, 5897.68, 7534.45, 8985.04, 10240.81, 11294.45, 12139.56
0.47, 2110, 4082.17, 5893.08, 7528.56, 8978.01, 10232.78, 11285.59, 12130.03
0.48, 2108.42, 4079.1, 5888.64, 7522.88, 8971.22, 10225.04, 11277.04, 12120.83
0.49, 2106.89, 4076.14, 5884.35, 7517.39, 8964.66, 10217.56, 11268.78, 12111.95
0.5, 2105.42, 4073.27, 5880.21, 7512.09, 8958.33, 10210.33, 11260.8, 12103.36
0.51, 2105.42, 4073.27, 5880.21, 7512.09, 8958.33, 10210.33, 11260.8, 12103.36
ENDTABLE

MU_REF_X 1


LOG_ENTRY Used Dataset: Tire: Longitudinal Force; { Racing Tires } GT Front - 27/68 - 18
#Library : Tire: Longitudinal Force
#DataSet : GT Front - 27/68 - 18
#Category: Racing Tires
#FileID  : TireFx_d1b79176-a899-48f5-939b-5df53c4e9dd4
#Product : CarSim 2020.0
#VehCode Tire: Fx

END
