PARSFILE
#FullDataName Tire: Longitudinal Force`GT Rear - 28/71 - 18`Racing Tires
#CheckBox0 0    

#RingCtrl0 CARPET_FROM_ZERO
#RadioCtrl0 0    
#RadioCtrl1 0    

*3D_XLabel Vertical load (N)
*3D_YLabel Abs. slip ratio [Kappa] (-)
*3D_ZLabel Abs. longitudinal tire force Fx (N)

#DiagramTwo0
*3D_DATA 8, 51 ! columns x rows
FX_TIRE_CARPET 2D_FROM_ZERO
0, 1471, 2942, 4412.99, 5883.99, 7354.99, 8825.99, 10296.98, 11767.98
0.01, 1897.03, 3652.15, 5256.2, 6699.79, 7975.27, 9076.2, 9997, 10732.73
0.02, 2882.93, 5561.3, 8013.77, 10224.02, 12179.27, 13868.93, 15283.93, 16416.27
0.03, 3304.09, 6381.2, 9201.93, 11746.2, 13998.57, 15946.36, 17578.75, 18886.26
0.04, 3490.24, 6745.09, 9730.61, 12424.77, 14810.79, 16874.97, 18605.63, 19992.56
0.05, 3575.59, 6912.7, 9974.81, 12738.84, 15187.34, 17306.07, 19082.91, 20507.28
0.06, 3613.59, 6987.88, 10084.84, 12880.83, 15358.02, 17501.89, 19300.11, 20741.9
0.07, 3627.69, 7016.3, 10126.9, 12935.54, 15424.19, 17578.2, 19385.12, 20834.06
0.08, 3629.17, 7019.96, 10132.91, 12943.89, 15434.8, 17590.92, 19399.73, 20850.33
0.09, 3623.84, 7010.22, 10119.35, 12927.06, 15415.19, 17569.01, 19376, 20825.22
0.1, 3614.86, 6993.25, 10095.23, 12896.59, 15379.2, 17528.3, 19331.4, 20777.58
0.11, 3604.01, 6972.56, 10065.62, 12859.02, 15334.64, 17477.75, 19275.87, 20718.1
0.12, 3592.33, 6950.16, 10033.48, 12818.15, 15286.07, 17422.56, 19215.16, 20653.01
0.13, 3580.4, 6927.24, 10000.54, 12776.19, 15236.16, 17365.8, 19152.68, 20585.96
0.14, 3568.59, 6904.5, 9967.81, 12734.48, 15186.51, 17309.29, 19090.44, 20519.15
0.15, 3557.1, 6882.34, 9935.89, 12693.77, 15138.03, 17254.1, 19029.63, 20453.84
0.16, 3546.04, 6860.99, 9905.12, 12654.5, 15091.24, 17200.81, 18970.9, 20390.76
0.17, 3535.46, 6840.56, 9875.65, 12616.89, 15046.42, 17149.75, 18914.62, 20330.29
0.18, 3525.39, 6821.1, 9847.58, 12581.04, 15003.68, 17101.06, 18860.93, 20272.6
0.19, 3515.83, 6802.61, 9820.9, 12546.96, 14963.05, 17054.76, 18809.87, 20217.72
0.2, 3506.77, 6785.08, 9795.59, 12514.62, 14924.49, 17010.81, 18761.4, 20165.63
0.21, 3498.19, 6768.47, 9771.59, 12483.97, 14887.93, 16969.13, 18715.43, 20116.21
0.22, 3490.06, 6752.73, 9748.86, 12454.92, 14853.27, 16929.63, 18671.86, 20069.37
0.23, 3482.36, 6737.82, 9727.33, 12427.39, 14820.43, 16892.18, 18630.55, 20024.96
0.24, 3475.07, 6723.69, 9706.91, 12401.29, 14789.3, 16856.68, 18591.38, 19982.85
0.25, 3468.15, 6710.29, 9687.55, 12376.54, 14759.76, 16823.01, 18554.23, 19942.9
0.26, 3461.6, 6697.58, 9669.18, 12353.06, 14731.74, 16791.04, 18518.96, 19904.98
0.27, 3455.37, 6685.51, 9651.74, 12330.75, 14705.12, 16760.69, 18485.46, 19868.96
0.28, 3449.45, 6674.04, 9635.16, 12309.55, 14679.81, 16731.83, 18453.61, 19834.71
0.29, 3443.83, 6663.14, 9619.39, 12289.38, 14655.74, 16704.37, 18423.31, 19802.13
0.3, 3438.48, 6652.75, 9604.37, 12270.18, 14632.82, 16678.23, 18394.47, 19771.11
0.31, 3433.38, 6642.86, 9590.07, 12251.89, 14610.99, 16653.32, 18366.98, 19741.54
0.32, 3428.52, 6633.43, 9576.43, 12234.44, 14590.16, 16629.56, 18340.75, 19713.34
0.33, 3423.88, 6624.43, 9563.41, 12217.78, 14570.28, 16606.88, 18315.72, 19686.42
0.34, 3419.44, 6615.83, 9550.97, 12201.87, 14551.28, 16585.22, 18291.8, 19660.69
0.35, 3415.21, 6607.61, 9539.08, 12186.66, 14533.12, 16564.5, 18268.93, 19636.09
0.36, 3411.15, 6599.74, 9527.7, 12172.1, 14515.74, 16544.67, 18247.05, 19612.55
0.37, 3407.27, 6592.21, 9516.81, 12158.16, 14499.09, 16525.67, 18226.08, 19590
0.38, 3403.55, 6584.99, 9506.36, 12144.8, 14483.14, 16507.47, 18205.99, 19568.39
0.39, 3399.99, 6578.06, 9496.34, 12131.98, 14467.83, 16490.01, 18186.71, 19547.65
0.4, 3396.56, 6571.41, 9486.73, 12119.67, 14453.14, 16473.24, 18168.21, 19527.75
0.41, 3393.28, 6565.03, 9477.49, 12107.85, 14439.03, 16457.14, 18150.43, 19508.62
0.42, 3390.11, 6558.89, 9468.61, 12096.49, 14425.46, 16441.66, 18133.34, 19490.24
0.43, 3387.07, 6552.99, 9460.07, 12085.56, 14412.4, 16426.76, 18116.9, 19472.55
0.44, 3384.15, 6547.31, 9451.85, 12075.03, 14399.84, 16412.42, 18101.07, 19455.52
0.45, 3381.33, 6541.83, 9443.92, 12064.9, 14387.73, 16398.61, 18085.82, 19439.12
0.46, 3378.61, 6536.56, 9436.29, 12055.13, 14376.06, 16385.3, 18071.12, 19423.3
0.47, 3375.99, 6531.47, 9428.93, 12045.7, 14364.81, 16372.46, 18056.94, 19408.05
0.48, 3373.47, 6526.56, 9421.82, 12036.61, 14353.95, 16360.06, 18043.26, 19393.33
0.49, 3371.03, 6521.82, 9414.96, 12027.83, 14343.46, 16348.09, 18030.04, 19379.12
0.5, 3368.67, 6517.24, 9408.33, 12019.34, 14333.33, 16336.53, 18017.28, 19365.38
0.51, 3368.67, 6517.24, 9408.33, 12019.34, 14333.33, 16336.53, 18017.28, 19365.38
ENDTABLE

MU_REF_X 1


LOG_ENTRY Used Dataset: Tire: Longitudinal Force; { Racing Tires } GT Rear - 28/71 - 18
#Library : Tire: Longitudinal Force
#DataSet : GT Rear - 28/71 - 18
#Category: Racing Tires
#FileID  : TireFx_f943d76a-1345-4591-af68-d0586b2c0a4c
#Product : CarSim 2020.0
#VehCode Tire: Fx

END
