PARSFILE
#FullDataName Suspension: Lateral Movement Due to Jounce`Lateral: Twist-Beam - Rear (2D)`Twist-Beam (2D): Generic Suspension
#CheckBox0 0    

#RingCtrl0 2D_SPLINE
*3D_XLabel jounce other side (mm)
*3D_YLabel Suspension cmp. (jounce) (mm)
*3D_ZLabel Lateral movement (mm)

#DiagramTwo0
*3D_DATA 6, 45 ! columns x rows
SUSP_LAT_CARPET 2D_SPLINE
0, -90, -60, -30, 0, 30, 60
-92.645, -1.0433, -1.0482, -0.88656, -0.56617, -0.093882, 0.52444
-88.645, -1.1506, -1.185, -1.052, -0.75913, -0.31343, 0.27928
-84.645, -1.2512, -1.3154, -1.2109, -0.94578, -0.52678, 0.040194
-80.645, -1.3453, -1.4392, -1.3635, -1.1261, -0.73396, -0.19283
-76.645, -1.4329, -1.5566, -1.5097, -1.3003, -0.93499, -0.41982
-72.645, -1.5139, -1.6675, -1.6497, -1.4682, -1.1299, -0.64081
-68.645, -1.5884, -1.7721, -1.7833, -1.6298, -1.3187, -0.85582
-64.645, -1.6564, -1.8702, -1.9106, -1.7854, -1.5015, -1.0649
-60.645, -1.718, -1.962, -2.0317, -1.9347, -1.6782, -1.268
-56.645, -1.7732, -2.0475, -2.1465, -2.078, -1.8489, -1.4652
-52.645, -1.8219, -2.1267, -2.2552, -2.2152, -2.0137, -1.6566
-48.645, -1.8643, -2.1997, -2.3577, -2.3463, -2.1724, -1.8421
-44.645, -1.9004, -2.2664, -2.454, -2.4714, -2.3253, -2.0218
-40.645, -1.9302, -2.3269, -2.5443, -2.5904, -2.4723, -2.1958
-36.645, -1.9537, -2.3812, -2.6285, -2.7035, -2.6134, -2.364
-32.645, -1.9709, -2.4293, -2.7066, -2.8107, -2.7487, -2.5264
-28.645, -1.9819, -2.4714, -2.7787, -2.912, -2.8781, -2.6832
-24.645, -1.9867, -2.5073, -2.8448, -3.0073, -3.0018, -2.8343
-20.645, -1.9854, -2.5372, -2.905, -3.0968, -3.1198, -2.9798
-16.645, -1.9779, -2.561, -2.9592, -3.1805, -3.232, -3.1196
-12.645, -1.9643, -2.5788, -3.0075, -3.2584, -3.3385, -3.254
-8.645, -1.9446, -2.5907, -3.05, -3.3305, -3.4394, -3.3827
-4.645, -1.9189, -2.5966, -3.0865, -3.3969, -3.5347, -3.506
-0.645, -1.8871, -2.5965, -3.1173, -3.4576, -3.6244, -3.6238
3.355, -1.8493, -2.5906, -3.1423, -3.5126, -3.7085, -3.7361
7.355, -1.8056, -2.5789, -3.1616, -3.562, -3.7871, -3.8431
11.355, -1.756, -2.5613, -3.1751, -3.6057, -3.8602, -3.9447
15.355, -1.7004, -2.5379, -3.183, -3.644, -3.9279, -4.0409
19.355, -1.6389, -2.5087, -3.1852, -3.6766, -3.9901, -4.1319
23.355, -1.5717, -2.4738, -3.1818, -3.7038, -4.047, -4.2176
27.355, -1.4986, -2.4332, -3.1728, -3.7255, -4.0985, -4.298
31.355, -1.4197, -2.387, -3.1583, -3.7418, -4.1448, -4.3733
35.355, -1.3351, -2.3351, -3.1382, -3.7527, -4.1857, -4.4435
39.355, -1.2448, -2.2777, -3.1127, -3.7582, -4.2214, -4.5086
43.355, -1.1488, -2.2146, -3.0818, -3.7584, -4.252, -4.5686
47.355, -1.0472, -2.1461, -3.0454, -3.7534, -4.2774, -4.6235
51.355, -0.93996, -2.0721, -3.0037, -3.7432, -4.2977, -4.6736
55.355, -0.82718, -1.9927, -2.9567, -3.7277, -4.3129, -4.7187
59.355, -0.70887, -1.9078, -2.9044, -3.7071, -4.3232, -4.7589
63.355, -0.58508, -1.8176, -2.8469, -3.6814, -4.3285, -4.7943
67.355, -0.45585, -1.7221, -2.7843, -3.6507, -4.3288, -4.8249
71.355, -0.32121, -1.6213, -2.7164, -3.615, -4.3243, -4.8508
75.355, -0.18122, -1.5153, -2.6435, -3.5743, -4.315, -4.8721
79.355, -0.035917, -1.4041, -2.5656, -3.5287, -4.301, -4.8887
83.355, 0.11466, -1.2878, -2.4827, -3.4783, -4.2822, -4.9007
ENDTABLE


FLAG_Y_2D_TABLE 1

SUSP_Y_AXLE_ROLL_COMBINE ADD ! in case this is for a solid axle
*3D_XLabel jounce other side (mm)
*3D_YLabel Suspension cmp. (jounce) (mm)
*3D_ZLabel Lateral movement (mm)

#DiagramTwo0
*3D_DATA 6, 45 ! columns x rows
SUSP_LAT_AXLE_JOUNCE_CARPET 2D_SPLINE
0, -90, -60, -30, 0, 30, 60
-92.645, -1.0433, -1.0482, -0.88656, -0.56617, -0.093882, 0.52444
-88.645, -1.1506, -1.185, -1.052, -0.75913, -0.31343, 0.27928
-84.645, -1.2512, -1.3154, -1.2109, -0.94578, -0.52678, 0.040194
-80.645, -1.3453, -1.4392, -1.3635, -1.1261, -0.73396, -0.19283
-76.645, -1.4329, -1.5566, -1.5097, -1.3003, -0.93499, -0.41982
-72.645, -1.5139, -1.6675, -1.6497, -1.4682, -1.1299, -0.64081
-68.645, -1.5884, -1.7721, -1.7833, -1.6298, -1.3187, -0.85582
-64.645, -1.6564, -1.8702, -1.9106, -1.7854, -1.5015, -1.0649
-60.645, -1.718, -1.962, -2.0317, -1.9347, -1.6782, -1.268
-56.645, -1.7732, -2.0475, -2.1465, -2.078, -1.8489, -1.4652
-52.645, -1.8219, -2.1267, -2.2552, -2.2152, -2.0137, -1.6566
-48.645, -1.8643, -2.1997, -2.3577, -2.3463, -2.1724, -1.8421
-44.645, -1.9004, -2.2664, -2.454, -2.4714, -2.3253, -2.0218
-40.645, -1.9302, -2.3269, -2.5443, -2.5904, -2.4723, -2.1958
-36.645, -1.9537, -2.3812, -2.6285, -2.7035, -2.6134, -2.364
-32.645, -1.9709, -2.4293, -2.7066, -2.8107, -2.7487, -2.5264
-28.645, -1.9819, -2.4714, -2.7787, -2.912, -2.8781, -2.6832
-24.645, -1.9867, -2.5073, -2.8448, -3.0073, -3.0018, -2.8343
-20.645, -1.9854, -2.5372, -2.905, -3.0968, -3.1198, -2.9798
-16.645, -1.9779, -2.561, -2.9592, -3.1805, -3.232, -3.1196
-12.645, -1.9643, -2.5788, -3.0075, -3.2584, -3.3385, -3.254
-8.645, -1.9446, -2.5907, -3.05, -3.3305, -3.4394, -3.3827
-4.645, -1.9189, -2.5966, -3.0865, -3.3969, -3.5347, -3.506
-0.645, -1.8871, -2.5965, -3.1173, -3.4576, -3.6244, -3.6238
3.355, -1.8493, -2.5906, -3.1423, -3.5126, -3.7085, -3.7361
7.355, -1.8056, -2.5789, -3.1616, -3.562, -3.7871, -3.8431
11.355, -1.756, -2.5613, -3.1751, -3.6057, -3.8602, -3.9447
15.355, -1.7004, -2.5379, -3.183, -3.644, -3.9279, -4.0409
19.355, -1.6389, -2.5087, -3.1852, -3.6766, -3.9901, -4.1319
23.355, -1.5717, -2.4738, -3.1818, -3.7038, -4.047, -4.2176
27.355, -1.4986, -2.4332, -3.1728, -3.7255, -4.0985, -4.298
31.355, -1.4197, -2.387, -3.1583, -3.7418, -4.1448, -4.3733
35.355, -1.3351, -2.3351, -3.1382, -3.7527, -4.1857, -4.4435
39.355, -1.2448, -2.2777, -3.1127, -3.7582, -4.2214, -4.5086
43.355, -1.1488, -2.2146, -3.0818, -3.7584, -4.252, -4.5686
47.355, -1.0472, -2.1461, -3.0454, -3.7534, -4.2774, -4.6235
51.355, -0.93996, -2.0721, -3.0037, -3.7432, -4.2977, -4.6736
55.355, -0.82718, -1.9927, -2.9567, -3.7277, -4.3129, -4.7187
59.355, -0.70887, -1.9078, -2.9044, -3.7071, -4.3232, -4.7589
63.355, -0.58508, -1.8176, -2.8469, -3.6814, -4.3285, -4.7943
67.355, -0.45585, -1.7221, -2.7843, -3.6507, -4.3288, -4.8249
71.355, -0.32121, -1.6213, -2.7164, -3.615, -4.3243, -4.8508
75.355, -0.18122, -1.5153, -2.6435, -3.5743, -4.315, -4.8721
79.355, -0.035917, -1.4041, -2.5656, -3.5287, -4.301, -4.8887
83.355, 0.11466, -1.2878, -2.4827, -3.4783, -4.2822, -4.9007
ENDTABLE

#RadioCtrl0 1    
#RadioCtrl1 0    



#EMBEDDED_NOTES
#Twist-beam suspension geometry from reference SuspensionSim model.
#END_EMBEDDED_NOTES

LOG_ENTRY Used Dataset: Suspension: Lateral Movement Due to Jounce; { Twist-Beam (2D): Generic Suspension } Lateral: Twist-Beam - Rear (2D)
#Library : Suspension: Lateral Movement Due to Jounce
#DataSet : Lateral: Twist-Beam - Rear (2D)
#Category: Twist-Beam (2D): Generic Suspension
#FileID  : LatJnc_95bd516b-aa9a-4437-b061-fc5392b9ab2e
#Product : CarSim 2020.0
#VehCode Lateral Movement

END
