PARSFILE
#FullDataName Steering: Power Assist Torque`D-Class SUV`Gear Assist Torque
#CheckBox0 0    

#RingCtrl0 SPLINE
#RingCtrl1 CONSTANT
#RingCtrl2 ADD
M_BOOST_G_COMBINE ADD
#DiagramOne0
M_BOOST_G_TABLE SPLINE
-2.7, -240
-2.655, -234
-2.61, -228
-2.565, -222
-2.52, -216
-2.475, -210
-2.43, -204
-2.385, -198
-2.34, -192
-2.295, -186
-2.25, -180
-2.205, -174
-2.16, -168
-2.115, -162
-2.07, -156
-2.025, -150
-1.98, -144
-1.935, -138
-1.89, -132
-1.71, -112.2
-1.665, -108.3
-1.62, -104.4
-1.575, -100.5
-1.53, -96.6
-1.485, -92.7
-1.44, -88.8
-1.395, -84.9
-1.35, -80.998
-1.305, -77.098
-1.26, -73.2
-1.215, -69.3
-1.17, -65.4
-1.125, -61.5
-1.08, -57.6
-1.035, -53.7
-0.99, -49.8
-0.945, -45.9
-0.9, -42
-0.855, -38.098
-0.81, -34.202
-0.765, -30.3
-0.72, -26.4
-0.675, -22.5
-0.63, -18.6
-0.585, -14.7
-0.54, -10.8
-0.36, -2.4
-0.315, -2.1
-0.27, -1.8
-0.225, -1.5
-0.18, -1.2
-0.135, -0.9
-0.09, -0.6
-0.045, -0.3
0, 0
0.045, 0.3
0.09, 0.6
0.135, 0.9
0.18, 1.2
0.225, 1.5
0.27, 1.8
0.315, 2.1
0.36, 2.4
0.54, 10.8
0.585, 14.7
0.63, 18.6
0.675, 22.5
0.72, 26.4
0.765, 30.3
0.81, 34.202
0.855, 38.098
0.9, 42
0.945, 45.9
0.99, 49.8
1.035, 53.7
1.08, 57.6
1.125, 61.5
1.17, 65.4
1.215, 69.3
1.26, 73.2
1.305, 77.098
1.35, 80.998
1.395, 84.9
1.44, 88.8
1.485, 92.7
1.53, 96.6
1.575, 100.5
1.62, 104.4
1.665, 108.3
1.71, 112.2
1.89, 132
1.935, 138
1.98, 144
2.025, 150
2.07, 156
2.115, 162
2.16, 168
2.205, 174
2.25, 180
2.295, 186
2.34, 192
2.385, 198
2.43, 204
2.475, 210
2.52, 216
2.565, 222
2.61, 228
2.655, 234
2.7, 240
ENDTABLE
M_BOOST_G_V_CONSTANT 0
#RadioCtrl0 0    
#RadioCtrl1 0    

*SCALAR 200
*SCALAR2 0
TC_BOOST 0.05
M_BOOST_MAX 500


LOG_ENTRY Used Dataset: Steering: Power Assist Torque; { Gear Assist Torque } D-Class SUV
#Library : Steering: Power Assist Torque
#DataSet : D-Class SUV
#Category: Gear Assist Torque
#FileID  : TqBoost_48b61665-f910-4b83-8e0e-8cd6c704a17b
#Product : CarSim 2020.0
#VehCode Power Assist Torque

END
