PARSFILE
#FullDataName Steering: Power Assist Torque`C-Class Sedan Column Assist`Column Assist Torque
#CheckBox0 0    

#RingCtrl0 SPLINE
#RingCtrl1 CONSTANT
#RingCtrl2 ADD
M_BOOST_G_COMBINE ADD
#DiagramOne0
M_BOOST_G_TABLE SPLINE
-8.1, -20.899
-7.965, -20.376
-7.83, -19.854
-7.695, -19.331
-7.56, -18.809
-7.425, -18.286
-7.29, -17.764
-7.155, -17.242
-7.02, -16.719
-6.885, -16.197
-6.75, -15.674
-6.615, -15.152
-6.48, -14.629
-6.345, -14.107
-6.21, -13.585
-6.075, -13.062
-5.94, -12.539
-5.805, -12.017
-5.67, -11.494
-5.13, -9.7703
-4.995, -9.4304
-4.86, -9.0913
-4.725, -8.7514
-4.59, -8.4115
-4.455, -8.0724
-4.32, -7.7325
-4.185, -7.3927
-4.05, -7.0535
-3.915, -6.7138
-3.78, -6.3741
-3.645, -6.0346
-3.51, -5.695
-3.375, -5.3553
-3.24, -5.0157
-3.105, -4.6761
-2.97, -4.3365
-2.835, -3.9969
-2.7, -3.6573
-2.565, -3.3177
-2.43, -2.9781
-2.295, -2.6385
-2.16, -2.2989
-2.025, -1.9593
-1.89, -1.6197
-1.755, -1.2801
-1.62, -0.94044
-1.08, -0.20899
-0.945, -0.18286
-0.81, -0.15674
-0.675, -0.13062
-0.54, -0.10449
-0.405, -0.078371
-0.27, -0.052247
-0.135, -0.026124
0, 0
0.135, 0.026124
0.27, 0.052247
0.405, 0.078371
0.54, 0.10449
0.675, 0.13062
0.81, 0.15674
0.945, 0.18286
1.08, 0.20899
1.62, 0.94044
1.755, 1.2801
1.89, 1.6197
2.025, 1.9593
2.16, 2.2989
2.295, 2.6385
2.43, 2.9781
2.565, 3.3177
2.7, 3.6573
2.835, 3.9969
2.97, 4.3365
3.105, 4.6761
3.24, 5.0157
3.375, 5.3553
3.51, 5.695
3.645, 6.0346
3.78, 6.3741
3.915, 6.7138
4.05, 7.0535
4.185, 7.3927
4.32, 7.7325
4.455, 8.0724
4.59, 8.4115
4.725, 8.7514
4.86, 9.0913
4.995, 9.4304
5.13, 9.7703
5.67, 11.494
5.805, 12.017
5.94, 12.539
6.075, 13.062
6.21, 13.585
6.345, 14.107
6.48, 14.629
6.615, 15.152
6.75, 15.674
6.885, 16.197
7.02, 16.719
7.155, 17.242
7.29, 17.764
7.425, 18.286
7.56, 18.809
7.695, 19.331
7.83, 19.854
7.965, 20.376
8.1, 20.899
ENDTABLE
M_BOOST_G_V_CONSTANT 0
#RadioCtrl0 0    
#RadioCtrl1 0    

*SCALAR 200
*SCALAR2 0
TC_BOOST 0.02
M_BOOST_MAX 500


LOG_ENTRY Used Dataset: Steering: Power Assist Torque; { Column Assist Torque } C-Class Sedan Column Assist
#Library : Steering: Power Assist Torque
#DataSet : C-Class Sedan Column Assist
#Category: Column Assist Torque
#FileID  : TqBoost_599ef19b-239a-4ef5-b958-9808674e606e
#Product : CarSim 2020.0
#VehCode Power Assist Torque

END
