PARSFILE
#FullDataName Calculator: Original`Make Circle`
#RingCtrl0 3
#RingCtrl1 3
#RadioCtrl0 0    

START_T -90
END_T 270
STEP_T 1
FACTOR_YF 0
FACTOR_YG 152.4
FACTOR_XA 0
FACTOR_XB 0
FACTOR_XC 0
FACTOR_XD 152.4
FACTOR_XE 0.0174533
FACTOR_XF 0
FACTOR_XG 0
FACTOR_YA 152.4
FACTOR_YB 0.0174533
FACTOR_YC 0
FACTOR_YD 0
FACTOR_YE 0

#DiagramOne0
CALCULATOR_TABLE 
2.65964, 0.023209
5.31858, 0.092834
7.9759, 0.208854
10.6308, 0.371232
13.2824, 0.57992
15.93, 0.834853
18.5728, 1.13596
21.2099, 1.48313
23.8405, 1.87628
26.4639, 2.31528
29.0792, 2.8
31.6857, 3.33029
34.2825, 3.90598
36.8688, 4.52691
39.4439, 5.19288
42.0071, 5.90369
44.5574, 6.65913
47.0941, 7.45896
49.6165, 8.30294
52.1238, 9.19082
54.6152, 10.1223
57.09, 11.0972
59.5474, 12.115
61.9866, 13.1756
64.407, 14.2787
66.8077, 15.4238
69.1881, 16.6106
71.5474, 17.8388
73.8849, 19.1079
76.1999, 20.4177
78.4917, 21.7677
80.7596, 23.1574
83.0029, 24.5866
85.2209, 26.0546
87.413, 27.5612
89.5784, 29.1058
91.7166, 30.6879
93.8268, 32.3071
95.9084, 33.9629
97.9608, 35.6548
99.9834, 37.3822
101.975, 39.1447
103.937, 40.9417
105.866, 42.7726
107.763, 44.6369
109.627, 46.534
111.458, 48.4634
113.255, 50.4245
115.018, 52.4166
116.745, 54.4391
118.437, 56.4915
120.093, 58.5732
121.712, 60.6834
123.294, 62.8215
124.839, 64.9869
126.345, 67.179
127.813, 69.397
129.243, 71.6403
130.632, 73.9082
131.982, 76.2
133.292, 78.515
134.561, 80.8525
135.789, 83.2118
136.976, 85.5922
138.121, 87.993
139.224, 90.4133
140.285, 92.8526
141.303, 95.3099
142.278, 97.7847
143.209, 100.276
144.097, 102.783
144.941, 105.306
145.741, 107.843
146.496, 110.393
147.207, 112.956
147.873, 115.531
148.494, 118.117
149.07, 120.714
149.6, 123.321
150.085, 125.936
150.524, 128.559
150.917, 131.19
151.264, 133.827
151.565, 136.47
151.82, 139.117
152.029, 141.769
152.191, 144.424
152.307, 147.081
152.377, 149.74
152.4, 152.4
152.377, 155.06
152.307, 157.719
152.191, 160.376
152.029, 163.031
151.82, 165.683
151.565, 168.33
151.264, 170.973
150.917, 173.61
150.524, 176.241
150.085, 178.864
149.6, 181.479
149.07, 184.086
148.494, 186.683
147.873, 189.269
147.207, 191.844
146.496, 194.407
145.741, 196.957
144.941, 199.494
144.097, 202.017
143.209, 204.524
142.278, 207.015
141.303, 209.49
140.285, 211.947
139.224, 214.387
138.121, 216.807
136.976, 219.208
135.789, 221.588
134.561, 223.947
133.292, 226.285
131.982, 228.6
130.632, 230.892
129.243, 233.16
127.813, 235.403
126.345, 237.621
124.839, 239.813
123.294, 241.979
121.712, 244.117
120.093, 246.227
118.437, 248.308
116.745, 250.361
115.018, 252.383
113.255, 254.376
111.458, 256.337
109.627, 258.266
107.763, 260.163
105.866, 262.027
103.937, 263.858
101.975, 265.655
99.9834, 267.418
97.9608, 269.145
95.9084, 270.837
93.8268, 272.493
91.7166, 274.112
89.5784, 275.694
87.413, 277.239
85.2209, 278.745
83.0029, 280.213
80.7596, 281.643
78.4917, 283.032
76.1999, 284.382
73.8849, 285.692
71.5474, 286.961
69.1881, 288.189
66.8077, 289.376
64.407, 290.521
61.9866, 291.624
59.5474, 292.685
57.09, 293.703
54.6152, 294.678
52.1238, 295.609
49.6165, 296.497
47.0941, 297.341
44.5574, 298.141
42.0071, 298.896
39.4439, 299.607
36.8688, 300.273
34.2825, 300.894
31.6857, 301.47
29.0792, 302
26.4639, 302.485
23.8405, 302.924
21.2099, 303.317
18.5728, 303.664
15.93, 303.965
13.2824, 304.22
10.6308, 304.429
7.9759, 304.591
5.31858, 304.707
2.65964, 304.777
-0.000103, 304.8
-2.65985, 304.777
-5.31879, 304.707
-7.97611, 304.591
-10.631, 304.429
-13.2826, 304.22
-15.9302, 303.965
-18.573, 303.664
-21.2101, 303.317
-23.8407, 302.924
-26.4641, 302.485
-29.0794, 302
-31.6859, 301.47
-34.2827, 300.894
-36.869, 300.273
-39.4441, 299.607
-42.0072, 298.896
-44.5576, 298.141
-47.0943, 297.341
-49.6167, 296.497
-52.124, 295.609
-54.6154, 294.678
-57.0902, 293.703
-59.5475, 292.685
-61.9868, 291.624
-64.4071, 290.521
-66.8079, 289.376
-69.1883, 288.189
-71.5476, 286.961
-73.8851, 285.692
-76.2001, 284.382
-78.4919, 283.032
-80.7598, 281.642
-83.0031, 280.213
-85.2211, 278.745
-87.4132, 277.239
-89.5786, 275.694
-91.7167, 274.112
-93.8269, 272.493
-95.9085, 270.837
-97.9609, 269.145
-99.9835, 267.418
-101.976, 265.655
-103.937, 263.858
-105.866, 262.027
-107.763, 260.163
-109.627, 258.266
-111.458, 256.336
-113.255, 254.375
-115.018, 252.383
-116.745, 250.361
-118.437, 248.308
-120.093, 246.227
-121.712, 244.116
-123.294, 241.978
-124.839, 239.813
-126.345, 237.621
-127.813, 235.403
-129.243, 233.16
-130.632, 230.892
-131.982, 228.6
-133.292, 226.285
-134.561, 223.947
-135.789, 221.588
-136.976, 219.208
-138.121, 216.807
-139.224, 214.387
-140.285, 211.947
-141.303, 209.49
-142.278, 207.015
-143.209, 204.524
-144.097, 202.016
-144.941, 199.494
-145.741, 196.957
-146.496, 194.407
-147.207, 191.844
-147.873, 189.269
-148.494, 186.682
-149.07, 184.086
-149.6, 181.479
-150.085, 178.864
-150.524, 176.24
-150.917, 173.61
-151.264, 170.973
-151.565, 168.33
-151.82, 165.682
-152.029, 163.031
-152.191, 160.376
-152.307, 157.718
-152.377, 155.06
-152.4, 152.4
-152.377, 149.74
-152.307, 147.081
-152.191, 144.424
-152.029, 141.769
-151.82, 139.117
-151.565, 136.47
-151.264, 133.827
-150.917, 131.19
-150.524, 128.559
-150.085, 125.936
-149.6, 123.32
-149.07, 120.714
-148.494, 118.117
-147.873, 115.531
-147.207, 112.956
-146.496, 110.393
-145.741, 107.842
-144.941, 105.306
-144.097, 102.783
-143.209, 100.276
-142.278, 97.7845
-141.303, 95.3097
-140.285, 92.8524
-139.224, 90.4131
-138.121, 87.9928
-136.976, 85.592
-135.789, 83.2116
-134.561, 80.8523
-133.292, 78.5148
-131.982, 76.1998
-130.632, 73.908
-129.242, 71.6401
-127.813, 69.3968
-126.345, 67.1788
-124.839, 64.9868
-123.294, 62.8213
-121.712, 60.6832
-120.093, 58.573
-118.437, 56.4914
-116.745, 54.439
-115.018, 52.4164
-113.255, 50.4243
-111.458, 48.4633
-109.627, 46.5339
-107.763, 44.6367
-105.866, 42.7724
-103.936, 40.9415
-101.975, 39.1446
-99.9832, 37.3821
-97.9606, 35.6547
-95.9082, 33.9628
-93.8266, 32.307
-91.7164, 30.6878
-89.5783, 29.1057
-87.4128, 27.5611
-85.2208, 26.0545
-83.0028, 24.5865
-80.7595, 23.1573
-78.4916, 21.7676
-76.1998, 20.4176
-73.8847, 19.1078
-71.5472, 17.8387
-69.1879, 16.6105
-66.8075, 15.4237
-64.4068, 14.2786
-61.9864, 13.1756
-59.5472, 12.115
-57.0898, 11.0971
-54.615, 10.1222
-52.1236, 9.19075
-49.6163, 8.30288
-47.0939, 7.4589
-44.5572, 6.65907
-42.0069, 5.90364
-39.4437, 5.19283
-36.8686, 4.52686
-34.2823, 3.90594
-31.6855, 3.33024
-29.079, 2.79996
-26.4637, 2.31525
-23.8403, 1.87625
-21.2097, 1.4831
-18.5726, 1.13593
-15.9298, 0.834832
-13.2822, 0.579902
-10.6306, 0.371218
-7.9757, 0.208843
-5.31838, 0.092827
-2.65944, 0.023206
0.000308, 3.1082e-10
ENDTABLE

LOG_ENTRY Used Dataset: Calculator: Original; Make Circle
#Library : Calculator: Original
#DataSet : Make Circle
#Category: 
#FileID  : CalcLeg_71fad62f-cc4c-4ee4-85e8-fcb709d0d480
#Product : CarSim 9, October 2014
#Last update: 10-17-2014 11:36
#VehCode Calculator

END
